ticker,dataDate,accountsPayablesTDays,accountsPayablesTRate,ARTDays,ARTRate,cashToCurrentDebt,costRatio,currentAssetsTRate,DAVOL10,DAVOL20,DAVOL5,debtsAssetRatio,EMA10,EMA120,EMA20,EMA5,EMA60,EPS,equityTRate,fixedAssetTRate,grossIncomeRatio,inventoryTDays,inventoryTRate,MA10,MA120,MA20,MA5,MA60,netAssetGrowthRate,netProfitGrowthRate,netProfitRatio,NPParentCompanyYOY,operaProfitRatio,operatingRevenueGrowthRate,operProfitGrowthRrate,PB,PE,PS,REVS10,REVS20,REVS5,ROA5,taxRatio,totalAssetGrowthRate,totalProfitGrowthRate,VOL10,VOL120,VOL20,VOL5,VOL60,salesCostRatio,NPToTOR,operatingProfitToTOR,EBITToTOR,operatingExpenseRate,operatingProfitRatio,totalProfitCostRatio,adminiExpenseRate,financialExpenseRate,currentRatio,quickRatio,debtEquityRatio,longDebtToWorkingCapital,operCashInToCurrentDebt,PCF,REC,DAREC,GREC,FEP,DAFE,GFE,FSP,DAFS,GFS,FGE,FGS,ASSI,LCAP,LFLO,CMRA,DHILO,DVRAT,HBETA,HSIGMA,DDNBT,DDNCR,DDNSR,RSTR12,RSTR24,MNDTO3,MNDTO6,MNDTO12,TOBT,BTOP,CTOP,CTP5,ETOP,ETP5,EGRO,ROA,ROE,ROE5,SUE,BLEV,DTOA,MLEV,financingCashGrowthRate,operCashGrowthRate,longDebtToAsset,bondsPayableToAsset,equityToAsset,equityFixedAssetRatio,dilutedEPSTTM,operatingProfitGrowthRate,NPParentCompanyGrowthRate,fixAssetRatio,instangleAssetRatio,currentAssetsRatio,nonCurrentAssetsRatio,saleServiceCashToORTTM,cashRateOfSalesTTM,NOCFToOperatingNITTM,fixedAssetsTRate,WVAD,PSY,RSI,MFI
"002236","2014-01-02",57.859447531433,6.22197437686256,86.6323860983305,4.15548983715384,1.58,56.62,1.38212301626568,0.17,0.09,0.24,0.24,42.12,42.39,41.64,41.96,41.86,146.0,1.59553993190964,12.79,0.433756070642901,63.0950276368296,5.70567940903575,42.16,42.49,41.42,41.9,42.04,1.00491304182428,0.710619436643219,0.20367875044991,61.52,18.29,,55.25,13.44,52.3266421463208,10.6772909485984,1.0,1.06,1.0,0.238993687822717,0.84,0.67491809139062,0.693349656863381,0.44,0.52,0.41,0.5,0.4,0.566243929357099,0.20367875044991,0.182870243950424,0.218973518824986,0.119616160900115,0.182870243950424,0.27893425967977,0.11491408368064,-0.00343241454345541,3.50616193832056,2.73823353896708,0.324531406112225,0.00407448159479436,0.405232288317044,103.207127510735,0.905172413793103,-0.0219109195402301,0.0,0.0251865535139473,-1.06616015259185E-4,-14.0,0.121421743791127,2.83921475075376E-5,4.0,0.641517358270644,0.569073871874413,21.9462854326053,24.5703005959542,24.5438785542988,1.43494920211072,0.0281708769666964,-0.0931824559770665,0.591878701463238,0.0242829153147892,0.575985422264867,0.233896936799758,2.46256077632165,0.569931028454006,1.1997001917925,0.0040077629943493,0.00529456885909582,0.00561462000687972,3.28500394380491,0.047064462651315,0.00195694716242661,0.00605491487141285,,0.0331158091927579,0.464805244391827,0.193297721691334,0.256296622137131,0.344622927524843,3.75058488589156,0.00601349361574217,0.367859721312218,2.84653041902905E-4,,0.864984017317917,0.0,0.0,0.755239921245571,7.56433233085686,0.818512295901476,0.891024584898339,0.700293489857479,0.0998422449215714,0.00718667880367951,,0.150505975267791,0.76537630334663,0.103454976474254,0.569064164171916,0.0998422449215714,2.74078231528955E8,-0.166666666666667,45.5979086361578,65.9432253578451
"002236","2014-01-03",57.859447531433,6.22197437686256,86.6323860983305,4.15548983715384,1.58,56.62,1.38212301626568,0.16,0.1,0.27,0.24,42.22,42.41,41.81,42.32,41.84,146.0,1.59553993190964,12.79,0.433756070642901,63.0950276368296,5.70567940903575,42.18,42.52,41.59,42.2,41.98,1.00491304182428,0.710619436643219,0.20367875044991,61.52,18.29,,55.25,13.5,52.5832051827609,10.7296428304383,1.0,1.08,1.04,0.238993687822717,0.84,0.67491809139062,0.693349656863381,0.45,0.52,0.42,0.54,0.4,0.566243929357099,0.20367875044991,0.182870243950424,0.218973518824986,0.119616160900115,0.182870243950424,0.27893425967977,0.11491408368064,-0.00343241454345541,3.50616193832056,2.73823353896708,0.324531406112225,0.00407448159479436,0.405232288317044,103.713162924633,0.919117647058823,0.027813299232736,-1.0,0.0358417503142364,7.65737275236264E-4,-11.0,0.174636569789602,0.00100673640762022,7.0,1.44738973102883,1.3643910383249,21.9462854326053,24.616898441686,24.5904764000306,1.43265184306204,0.0285018135292152,-0.100911167411988,0.58801121749722,0.024402199762582,0.600640740506491,0.240137092532932,2.50124099601198,0.616528805821813,1.24629796916031,0.00409511848292266,0.00527730699722042,0.00563055801223125,3.3092508035908,0.0449216725002512,0.00186784963810413,0.00605491487141285,,0.0331158091927579,0.464805244391827,0.193297721691334,0.256296622137131,0.344622927524843,3.75058488589156,0.00601349361574217,0.367859721312218,2.7169664171324E-4,,0.864984017317917,0.0,0.0,0.755239921245571,7.56433233085686,0.818512295901476,0.891024584898339,0.700293489857479,0.0998422449215714,0.00718667880367951,,0.150505975267791,0.76537630334663,0.103454976474254,0.569064164171916,0.0998422449215714,2.81543269707715E8,0.0,57.721005197998,69.5356931458405
"002236","2014-01-06",57.859447531433,6.22197437686256,86.6323860983305,4.15548983715384,1.58,56.62,1.38212301626568,0.16,0.1,0.27,0.24,42.18,42.41,41.88,42.21,41.81,146.0,1.59553993190964,12.79,0.433756070642901,63.0950276368296,5.70567940903575,42.16,42.52,41.71,42.13,41.91,1.00491304182428,0.710619436643219,0.20367875044991,61.52,18.29,,55.25,13.14,51.1904344135149,10.4454469004499,0.99,1.06,0.99,0.238993687822717,0.84,0.67491809139062,0.693349656863381,0.44,0.52,0.42,0.54,0.4,0.566243929357099,0.20367875044991,0.182870243950424,0.218973518824986,0.119616160900115,0.182870243950424,0.27893425967977,0.11491408368064,-0.00343241454345541,3.50616193832056,2.73823353896708,0.324531406112225,0.00407448159479436,0.405232288317044,100.9661135349,0.931818181818182,0.040513833992095,1.0,0.0358292753384756,9.24404556403586E-4,-9.0,0.173784486154476,0.00100182435730423,9.0,1.45853353259298,1.3643910383249,21.9462854326053,24.6217895659123,24.5953675242568,1.41628648897577,0.0281708769666964,-0.0939632384302896,0.586812952295229,0.0242813913499847,0.59768769156122,0.238999291963464,2.5007927289282,0.714984358269294,1.32220040511384,0.00411951138527891,0.00521101072511215,0.005566817121356,3.34653750449083,0.0447024914773643,0.00185873605947955,0.00605491487141285,,0.0331158091927579,0.464805244391827,0.193297721691334,0.256296622137131,0.344622927524843,3.75058488589156,0.00601349361574217,0.367859721312218,2.70371342726884E-4,,0.864984017317917,0.0,0.0,0.755239921245571,7.56433233085686,0.818512295901476,0.891024584898339,0.700293489857479,0.0998422449215714,0.00718667880367951,,0.150505975267791,0.76537630334663,0.103454976474254,0.569064164171916,0.0998422449215714,3.03703474328644E8,0.0,58.4728170626197,69.8160451045638
"002236","2014-01-07",57.859447531433,6.22197437686256,86.6323860983305,4.15548983715384,1.58,56.62,1.38212301626568,0.16,0.12,0.31,0.24,42.09,42.4,41.89,41.97,41.76,146.0,1.59553993190964,12.79,0.433756070642901,63.0950276368296,5.70567940903575,42.14,42.52,41.78,42.0,41.84,1.00491304182428,0.710619436643219,0.20367875044991,61.52,18.29,,55.25,12.97,50.4940490288919,10.3033489354558,1.0,1.03,0.98,0.238993687822717,0.84,0.67491809139062,0.693349656863381,0.47,0.52,0.43,0.6,0.4,0.566243929357099,0.20367875044991,0.182870243950424,0.218973518824986,0.119616160900115,0.182870243950424,0.27893425967977,0.11491408368064,-0.00343241454345541,3.50616193832056,2.73823353896708,0.324531406112225,0.00407448159479436,0.405232288317044,99.5925888400343,0.911764705882353,0.0639386189258311,4.0,0.036878890368755,0.00102434052483187,-6.0,0.17851275141023,0.00102908163098745,12.0,1.46352921679951,1.3643910383249,21.9462854326053,24.5949454769869,24.5685234353314,1.39344925507302,0.0285018135292152,-0.0964905172802779,0.589106714754185,0.0242308835030156,0.614671319660506,0.246561264724203,2.4929760169265,0.688140349619778,1.29535639646433,0.00411097841647548,0.00519769682801254,0.00555851122244144,3.33123065514254,0.0459187406488248,0.00190930787589499,0.00605491487141285,,0.0331158091927579,0.464805244391827,0.193297721691334,0.256296622137131,0.344622927524843,3.75058488589156,0.00601349361574217,0.367859721312218,2.77725465143131E-4,,0.864984017317917,0.0,0.0,0.755239921245571,7.56433233085686,0.818512295901476,0.891024584898339,0.700293489857479,0.0998422449215714,0.00718667880367951,,0.150505975267791,0.76537630334663,0.103454976474254,0.569064164171916,0.0998422449215714,3.50232336878808E8,-0.166666666666667,45.9831295623112,64.146041737126
"002236","2014-01-08",57.859447531433,6.22197437686256,86.6323860983305,4.15548983715384,1.58,56.62,1.38212301626568,0.19,0.13,0.36,0.24,41.87,42.38,41.87,41.77,41.71,146.0,1.59553993190964,12.79,0.433756070642901,63.0950276368296,5.70567940903575,41.96,42.51,41.82,42.01,41.78,1.00491304182428,0.710619436643219,0.20367875044991,61.52,18.29,,55.25,12.85,50.0297921058099,10.208616958793,0.96,1.02,1.0,0.238993687822717,0.84,0.67491809139062,0.693349656863381,0.48,0.52,0.43,0.57,0.39,0.566243929357099,0.20367875044991,0.182870243950424,0.218973518824986,0.119616160900115,0.182870243950424,0.27893425967977,0.11491408368064,-0.00343241454345541,3.50616193832056,2.73823353896708,0.324531406112225,0.00407448159479436,0.405232288317044,98.6769057101235,0.911764705882353,0.0639386189258311,5.0,0.0374589707182791,0.00110993518814659,-5.0,0.180974698381046,0.00104327414319802,13.0,1.46823834023244,1.3643910383249,21.9462854326053,24.5812482785824,24.554826236927,1.4031966065279,0.028832750091734,-0.0971955805944621,0.590013851711051,0.0242637191442522,0.601664358184417,0.242057999977226,2.48562062910965,0.680621669367604,1.28165905341106,0.00413091141937178,0.0051993817213732,0.00553343105105437,3.33146896728539,0.0465520259662656,0.0019356399709654,0.00605491487141285,,0.0331158091927579,0.464805244391827,0.193297721691334,0.256296622137131,0.344622927524843,3.75058488589156,0.00601349361574217,0.367859721312218,2.8155461936635E-4,,0.864984017317917,0.0,0.0,0.755239921245571,7.56433233085686,0.818512295901476,0.891024584898339,0.700293489857479,0.0998422449215714,0.00718667880367951,,0.150505975267791,0.76537630334663,0.103454976474254,0.569064164171916,0.0998422449215714,3.78454242698463E8,-0.333333333333333,42.2177138346265,58.1037483807495
"002236","2014-01-09",57.859447531433,6.22197437686256,86.6323860983305,4.15548983715384,1.58,56.62,1.38212301626568,0.21,0.15,0.35,0.24,41.65,42.36,41.84,41.35,41.67,146.0,1.59553993190964,12.79,0.433756070642901,63.0950276368296,5.70567940903575,41.75,42.5,41.87,41.59,41.73,1.00491304182428,0.710619436643219,0.20367875044991,61.52,18.29,,55.25,12.77,49.7243599195717,10.1462932899359,0.95,1.02,0.95,0.238993687822717,0.84,0.67491809139062,0.693349656863381,0.49,0.52,0.44,0.48,0.4,0.566243929357099,0.20367875044991,0.182870243950424,0.218973518824986,0.119616160900115,0.182870243950424,0.27893425967977,0.11491408368064,-0.00343241454345541,3.50616193832056,2.73823353896708,0.324531406112225,0.00407448159479436,0.405232288317044,98.0744825983401,0.911764705882353,0.0639386189258311,7.0,0.0378065753305611,0.00112023495301828,-3.0,0.182654072871517,0.00105295531961841,15.0,1.46823834023244,1.3643910383249,21.9462854326053,24.5720114603578,24.5455894187024,1.38732404968584,0.0298095500085163,-0.0968479754185962,0.595376881532635,0.0242752611279822,0.590290285396501,0.238422940630105,2.47581161375025,0.646430677771086,1.27242236651168,0.00412094720225748,0.00520292323259148,0.00551746876653168,3.33438258666168,0.0469840105784068,0.00195360195360195,0.00605491487141285,,0.0331158091927579,0.464805244391827,0.193297721691334,0.256296622137131,0.344622927524843,3.75058488589156,0.00601349361574217,0.367859721312218,2.84166593778089E-4,,0.864984017317917,0.0,0.0,0.755239921245571,7.56433233085686,0.818512295901476,0.891024584898339,0.700293489857479,0.0998422449215714,0.00718667880367951,,0.150505975267791,0.76537630334663,0.103454976474254,0.569064164171916,0.0998422449215714,4.04637049928143E8,-0.333333333333333,43.9153368683478,49.8013356045711
"002236","2014-01-10",57.859447531433,6.22197437686256,86.6323860983305,4.15548983715384,1.58,56.62,1.38212301626568,0.23,0.17,0.27,0.24,41.4,42.33,41.73,40.78,41.6,146.0,1.59553993190964,12.79,0.433756070642901,63.0950276368296,5.70567940903575,41.59,42.47,41.84,40.98,41.67,1.00491304182428,0.710619436643219,0.20367875044991,61.52,18.29,,55.25,12.55,48.8691497981049,9.97178701713598,0.96,0.99,0.93,0.238993687822717,0.84,0.67491809139062,0.693349656863381,0.5,0.52,0.45,0.47,0.4,0.566243929357099,0.20367875044991,0.182870243950424,0.218973518824986,0.119616160900115,0.182870243950424,0.27893425967977,0.11491408368064,-0.00343241454345541,3.50616193832056,2.73823353896708,0.324531406112225,0.00407448159479436,0.405232288317044,96.3876978853465,0.911764705882353,0.0639386189258311,9.0,0.0380388024517562,0.00112711600309824,-1.0,0.183776026636084,0.00105942310413695,17.0,1.46823834023244,1.3643910383249,21.9462854326053,24.5658877425073,24.5394657008519,1.41653532903527,0.028832750091734,-0.0943218226372249,0.583442539673827,0.0242569466156765,0.589964717813593,0.238287555837519,2.47585198370943,0.608500198148255,1.24361432938105,0.00408289030833695,0.0052183187629364,0.00551037125656966,3.33439908228449,0.0472726101519842,0.00196560196560197,0.00605491487141285,,0.0331158091927579,0.464805244391827,0.193297721691334,0.256296622137131,0.344622927524843,3.75058488589156,0.00601349361574217,0.367859721312218,2.85911589768602E-4,,0.864984017317917,0.0,0.0,0.755239921245571,7.56433233085686,0.818512295901476,0.891024584898339,0.700293489857479,0.0998422449215714,0.00718667880367951,,0.150505975267791,0.76537630334663,0.103454976474254,0.569064164171916,0.0998422449215714,4.82859393312356E8,-0.333333333333333,45.6546028538099,42.5674259726415
"002236","2014-01-13",57.859447531433,6.22197437686256,86.6323860983305,4.15548983715384,1.58,56.62,1.38212301626568,0.26,0.18,0.27,0.24,41.0,42.29,41.53,40.17,41.51,146.0,1.59553993190964,12.79,0.433756070642901,63.0950276368296,5.70567940903575,41.28,42.46,41.72,40.42,41.58,1.00491304182428,0.710619436643219,0.20367875044991,61.52,18.29,,55.25,12.27,47.7695939276475,9.74742180925042,0.93,0.94,0.93,0.238993687822717,0.84,0.67491809139062,0.693349656863381,0.52,0.52,0.45,0.51,0.41,0.566243929357099,0.20367875044991,0.182870243950424,0.218973518824986,0.119616160900115,0.182870243950424,0.27893425967977,0.11491408368064,-0.00343241454345541,3.50616193832056,2.73823353896708,0.324531406112225,0.00407448159479436,0.405232288317044,94.2189746829262,0.928571428571429,0.0807453416149071,11.0,0.0381789844664784,6.2134350496901E-4,1.0,0.182297947820775,-0.00361619627298112,15.0,1.43472666761593,1.30503651096274,21.9462854326053,24.5485391041727,24.5221170625172,1.4118381667689,0.0289580249917636,-0.093084730832149,0.58142524569552,0.0238228117407744,0.596556977705869,0.239983393547338,2.48582607691225,0.597251339207591,1.25742754167638,0.00404234230070102,0.00518019436519484,0.0055146450160894,3.31782211107427,0.0480998808296439,0.002,0.00605491487141285,,0.0331158091927579,0.464805244391827,0.193297721691334,0.256296622137131,0.344622927524843,3.75058488589156,0.00601349361574217,0.367859721312218,2.90913587017144E-4,,0.864984017317917,0.0,0.0,0.755239921245571,7.56433233085686,0.818512295901476,0.891024584898339,0.700293489857479,0.0998422449215714,0.00718667880367951,,0.150505975267791,0.76537630334663,0.103454976474254,0.569064164171916,0.0998422449215714,5.19554872649037E8,-0.5,33.333313091928,42.7667118269896
"002236","2014-01-14",57.859447531433,6.22197437686256,86.6323860983305,4.15548983715384,1.58,56.62,1.38212301626568,0.28,0.18,0.33,0.24,40.58,42.25,41.31,39.6,41.41,146.0,1.59553993190964,12.79,0.433756070642901,63.0950276368296,5.70567940903575,40.94,42.44,41.58,39.88,41.48,1.00491304182428,0.710619436643219,0.20367875044991,61.52,18.29,,55.25,12.11,47.1831641300703,9.62776036504479,0.92,0.93,0.93,0.238993687822717,0.84,0.67491809139062,0.693349656863381,0.56,0.52,0.47,0.53,0.41,0.566243929357099,0.20367875044991,0.182870243950424,0.218973518824986,0.119616160900115,0.182870243950424,0.27893425967977,0.11491408368064,-0.00343241454345541,3.50616193832056,2.73823353896708,0.324531406112225,0.00407448159479436,0.405232288317044,93.0623223083021,0.942307692307692,0.09448160535117,14.0,0.039108556846111,6.86417755052711E-4,4.0,0.186494064266778,-0.00369943352734642,14.0,1.43789163186111,1.30503651096274,21.9462854326053,24.5257821170501,24.4993600753946,1.42583567641275,0.0281064999750109,-0.0925448200939392,0.584127567902848,0.0238181295124368,0.588166116334622,0.236247900834919,2.48961414791833,0.574494099164165,1.24807545176072,0.00406726314328592,0.0051841130863617,0.00551525981630869,3.32387595943747,0.049207039211912,0.0020460358056266,0.00605491487141285,,0.0331158091927579,0.464805244391827,0.193297721691334,0.256296622137131,0.344622927524843,3.75058488589156,0.00601349361574217,0.367859721312218,2.97607814842571E-4,,0.864984017317917,0.0,0.0,0.755239921245571,7.56433233085686,0.818512295901476,0.891024584898339,0.700293489857479,0.0998422449215714,0.00718667880367951,,0.150505975267791,0.76537630334663,0.103454976474254,0.569064164171916,0.0998422449215714,4.69915802181557E8,-0.5,30.2574195319362,41.1128276629247
"002236","2014-01-15",57.859447531433,6.22197437686256,86.6323860983305,4.15548983715384,1.58,56.62,1.38212301626568,0.31,0.19,0.35,0.24,40.38,42.22,41.15,39.4,41.34,146.0,1.59553993190964,12.79,0.433756070642901,63.0950276368296,5.70567940903575,40.79,42.42,41.47,39.56,41.43,1.00491304182428,0.710619436643219,0.20367875044991,61.52,18.29,,55.25,12.35,48.0994606887847,9.81473137161609,0.96,0.95,0.96,0.238993687822717,0.84,0.67491809139062,0.693349656863381,0.58,0.52,0.49,0.59,0.4,0.566243929357099,0.20367875044991,0.182870243950424,0.218973518824986,0.119616160900115,0.182870243950424,0.27893425967977,0.11491408368064,-0.00343241454345541,3.50616193832056,2.73823353896708,0.324531406112225,0.00407448159479436,0.405232288317044,94.8695916436523,0.942307692307692,0.09448160535117,15.0,0.0395946290182014,6.9494909949666E-4,5.0,0.188811960456526,-0.0037454130222487,13.0,1.43789163186111,1.30503651096274,21.9462854326053,24.5134299270591,24.4870078854037,1.41756993199572,0.0298095500085163,-0.0905354115431976,0.578821022978513,0.0238619237470053,0.588166116334622,0.236247900834919,2.48961414791833,0.517168400963747,1.2357234235716,0.00408320026191511,0.00519409783411153,0.00550754600793551,3.32098249901855,0.0498186233346908,0.00207146556188503,0.00605491487141285,,0.0331158091927579,0.464805244391827,0.193297721691334,0.256296622137131,0.344622927524843,3.75058488589156,0.00601349361574217,0.367859721312218,3.0130560637781E-4,,0.864984017317917,0.0,0.0,0.755239921245571,7.56433233085686,0.818512295901476,0.891024584898339,0.700293489857479,0.0998422449215714,0.00718667880367951,,0.150505975267791,0.76537630334663,0.103454976474254,0.569064164171916,0.0998422449215714,3.97649032824939E8,-0.5,32.8670679678266,34.619029835766
"002236","2014-01-16",57.859447531433,6.22197437686256,86.6323860983305,4.15548983715384,1.58,56.62,1.38212301626568,0.3,0.2,0.38,0.24,40.02,42.17,40.94,39.13,41.27,146.0,1.59553993190964,12.79,0.433756070642901,63.0950276368296,5.70567940903575,40.4,42.39,41.29,39.2,41.37,1.00491304182428,0.710619436643219,0.20367875044991,61.52,18.29,,55.25,12.2,47.525248178657,9.69756287416474,0.91,0.91,0.96,0.238993687822717,0.84,0.67491809139062,0.693349656863381,0.55,0.52,0.49,0.61,0.41,0.566243929357099,0.20367875044991,0.182870243950424,0.218973518824986,0.119616160900115,0.182870243950424,0.27893425967977,0.11491408368064,-0.00343241454345541,3.50616193832056,2.73823353896708,0.324531406112225,0.00407448159479436,0.405232288317044,93.7370361934995,0.942307692307692,0.09448160535117,17.0,0.0388403498268463,6.81710292673635E-4,7.0,0.185215085416079,-0.00367406276147434,11.0,1.43789163186111,1.30503651096274,21.9462854326053,24.5326637550144,24.506241713359,1.36181991689123,0.0298095500085163,-0.0913948626232506,0.580625581888028,0.0238798609596923,0.599831084189829,0.240732722889499,2.49168902752437,0.480785476245228,1.2549572451073,0.00408054102036657,0.00519541353535806,0.00549190385196849,3.31815176117018,0.0488695766620716,0.00203200406400813,0.00605491487141285,,0.0331158091927579,0.464805244391827,0.193297721691334,0.256296622137131,0.344622927524843,3.75058488589156,0.00601349361574217,0.367859721312218,2.95567419619037E-4,,0.864984017317917,0.0,0.0,0.755239921245571,7.56433233085686,0.818512295901476,0.891024584898339,0.700293489857479,0.0998422449215714,0.00718667880367951,,0.150505975267791,0.76537630334663,0.103454976474254,0.569064164171916,0.0998422449215714,3.6326558470504E8,-0.5,33.564065302954,36.3996084569852
"002236","2014-01-17",57.859447531433,6.22197437686256,86.6323860983305,4.15548983715384,1.58,56.62,1.38212301626568,0.25,0.19,0.35,0.24,39.55,42.11,40.66,38.71,41.18,146.0,1.59553993190964,12.79,0.433756070642901,63.0950276368296,5.70567940903575,39.89,42.33,41.05,38.8,41.3,1.00491304182428,0.710619436643219,0.20367875044991,61.52,18.29,,55.25,11.92,46.4256923081997,9.47319766627918,0.88,0.89,0.95,0.238993687822717,0.84,0.67491809139062,0.693349656863381,0.53,0.51,0.49,0.59,0.41,0.566243929357099,0.20367875044991,0.182870243950424,0.218973518824986,0.119616160900115,0.182870243950424,0.27893425967977,0.11491408368064,-0.00343241454345541,3.50616193832056,2.73823353896708,0.324531406112225,0.00407448159479436,0.405232288317044,91.5683129910792,0.942307692307692,0.082307692307692,17.0,0.0393096291178133,6.59285196726505E-4,9.0,0.187452902643471,-0.0037184537511374,9.0,1.43789163186111,1.30503651096274,21.9462854326053,24.5206539006832,24.4942318590277,1.35319177556443,0.0298145959060943,-0.0805146983558898,0.582665645278351,0.0238748119692176,0.590504817006157,0.240627149850892,2.45402406740915,0.424876132506143,1.30454108967745,0.00412530258134423,0.00520120081870352,0.0054803687542049,3.33562360586507,0.0494600317014334,0.00205655526992288,0.00605491487141285,,0.0331158091927579,0.464805244391827,0.193297721691334,0.256296622137131,0.344622927524843,3.75058488589156,0.00601349361574217,0.367859721312218,2.99137474427108E-4,,0.864984017317917,0.0,0.0,0.755239921245571,7.56433233085686,0.818512295901476,0.891024584898339,0.700293489857479,0.0998422449215714,0.00718667880367951,,0.150505975267791,0.76537630334663,0.103454976474254,0.569064164171916,0.0998422449215714,2.96580949611741E8,-0.5,32.6232959491526,43.0701420511831
"002236","2014-01-20",57.859447531433,6.22197437686256,86.6323860983305,4.15548983715384,1.58,56.62,1.38212301626568,0.32,0.23,0.5,0.24,39.06,42.03,40.35,38.21,41.08,146.0,1.59553993190964,12.79,0.433756070642901,63.0950276368296,5.70567940903575,39.42,42.27,40.8,38.42,41.25,1.00491304182428,0.710619436643219,0.20367875044991,61.52,18.29,,55.25,11.66,45.411657449889,9.26628308567361,0.89,0.88,0.95,0.238993687822717,0.84,0.67491809139062,0.693349656863381,0.62,0.52,0.53,0.73,0.42,0.566243929357099,0.20367875044991,0.182870243950424,0.218973518824986,0.119616160900115,0.182870243950424,0.27893425967977,0.11491408368064,-0.00343241454345541,3.50616193832056,2.73823353896708,0.324531406112225,0.00407448159479436,0.405232288317044,89.5682682599582,0.935714285714286,0.048617511520738,17.0,0.0397164965106483,-8.00324762620451E-4,9.0,0.190254715296667,-0.00741925110731431,7.0,1.40613714121889,1.28536232505563,21.9462854326053,24.4972458097851,24.4708237681297,1.35526345303595,0.0298724777207016,-0.0841264638445579,0.584256337244752,0.0239089577135942,0.59788375250727,0.243502951518348,2.45534499183357,0.412114898742578,1.34175767885489,0.00417612045653247,0.00519086874152926,0.00548613518703754,3.2971287932691,0.0506314535048884,0.00210526315789474,0.00605491487141285,,0.0331158091927579,0.464805244391827,0.193297721691334,0.256296622137131,0.344622927524843,3.75058488589156,0.00601349361574217,0.367859721312218,3.0622013982861E-4,,0.864984017317917,0.0,0.0,0.755239921245571,7.56433233085686,0.818512295901476,0.891024584898339,0.700293489857479,0.0998422449215714,0.00718667880367951,,0.150505975267791,0.76537630334663,0.103454976474254,0.569064164171916,0.0998422449215714,1.67182288332172E8,-0.5,33.4483112913805,38.2197624987468
"002236","2014-01-21",57.859447531433,6.22197437686256,86.6323860983305,4.15548983715384,1.58,56.62,1.38212301626568,0.34,0.25,0.51,0.24,38.66,41.96,40.07,37.89,40.96,146.0,1.59553993190964,12.79,0.433756070642901,63.0950276368296,5.70567940903575,39.01,42.22,40.59,38.14,41.16,1.00491304182428,0.710619436643219,0.20367875044991,61.52,18.29,,55.25,11.69,45.5216130369347,9.28871960646216,0.9,0.9,0.96,0.238993687822717,0.84,0.67491809139062,0.693349656863381,0.62,0.52,0.54,0.71,0.42,0.566243929357099,0.20367875044991,0.182870243950424,0.218973518824986,0.119616160900115,0.182870243950424,0.27893425967977,0.11491408368064,-0.00343241454345541,3.50616193832056,2.73823353896708,0.324531406112225,0.00407448159479436,0.405232288317044,89.7851405802003,0.928571428571429,0.00965250965251008,16.0,0.0409868221165201,-4.3473312653106E-4,10.0,0.197296560870509,-0.00479143276283248,4.0,1.42886097480581,1.31818512041939,21.9462854326053,24.4751616343679,24.4487395927125,1.35526345303595,0.0299303595353089,-0.0824899768205558,0.587465925994545,0.0239182023827593,0.591264869490846,0.240430828998763,2.45918908133818,0.390030735982436,1.29254484178523,0.00430695631369361,0.00525175965559818,0.00551611150364158,3.25826776625652,0.0517620455524821,0.00215227333871402,0.00605491487141285,,0.0331158091927579,0.464805244391827,0.193297721691334,0.256296622137131,0.344622927524843,3.75058488589156,0.00601349361574217,0.367859721312218,3.13055844669449E-4,,0.864984017317917,0.0,0.0,0.755239921245571,7.56433233085686,0.818512295901476,0.891024584898339,0.700293489857479,0.0998422449215714,0.00718667880367951,,0.150505975267791,0.76537630334663,0.103454976474254,0.569064164171916,0.0998422449215714,2.14696274768251E7,-0.666666666666667,12.6649781971915,34.702052953167
"002236","2014-01-22",57.859447531433,6.22197437686256,86.6323860983305,4.15548983715384,1.58,56.62,1.38212301626568,0.36,0.28,0.53,0.24,38.5,41.91,39.87,37.9,40.9,146.0,1.59553993190964,12.79,0.433756070642901,63.0950276368296,5.70567940903575,38.76,42.18,40.37,37.95,41.11,1.00491304182428,0.710619436643219,0.20367875044991,61.52,18.29,,55.25,12.05,46.9266010936302,9.57540848320482,0.94,0.9,0.98,0.238993687822717,0.84,0.67491809139062,0.693349656863381,0.65,0.52,0.56,0.71,0.42,0.566243929357099,0.20367875044991,0.182870243950424,0.218973518824986,0.119616160900115,0.182870243950424,0.27893425967977,0.11491408368064,-0.00343241454345541,3.50616193832056,2.73823353896708,0.324531406112225,0.00407448159479436,0.405232288317044,92.556286894404,0.928571428571429,0.00965250965251008,17.0,0.0408878201307314,-4.33683046515284E-4,9.0,0.196819999129276,-0.00477985925374351,3.0,1.42886097480581,1.31818512041939,21.9462854326053,24.4775800152322,24.4511579735768,1.33587594424452,0.0303505882996751,-0.0783491140005139,0.583204796896476,0.0239105568627598,0.591264869490846,0.240430828998763,2.45918908133818,0.394631785227811,1.29496307008487,0.00430662842914452,0.0052521680110848,0.00552146432306516,3.25892600478804,0.0516370164569447,0.00214707461084273,0.00605491487141285,,0.0331158091927579,0.464805244391827,0.193297721691334,0.256296622137131,0.344622927524843,3.75058488589156,0.00601349361574217,0.367859721312218,3.12299907284526E-4,,0.864984017317917,0.0,0.0,0.755239921245571,7.56433233085686,0.818512295901476,0.891024584898339,0.700293489857479,0.0998422449215714,0.00718667880367951,,0.150505975267791,0.76537630334663,0.103454976474254,0.569064164171916,0.0998422449215714,-7.62150242501588E7,-0.666666666666667,11.2599913093598,40.7585629860165
"002236","2014-01-23",57.859447531433,6.22197437686256,86.6323860983305,4.15548983715384,1.58,56.62,1.38212301626568,0.37,0.28,0.51,0.24,38.48,41.87,39.73,38.16,40.85,146.0,1.59553993190964,12.79,0.433756070642901,63.0950276368296,5.70567940903575,38.6,42.14,40.18,37.99,41.08,1.00491304182428,0.710619436643219,0.20367875044991,61.52,18.29,,55.25,12.27,47.7695939276475,9.74742180925042,0.96,0.91,1.0,0.238993687822717,0.84,0.67491809139062,0.693349656863381,0.66,0.52,0.57,0.71,0.43,0.566243929357099,0.20367875044991,0.182870243950424,0.218973518824986,0.119616160900115,0.182870243950424,0.27893425967977,0.11491408368064,-0.00343241454345541,3.50616193832056,2.73823353896708,0.324531406112225,0.00407448159479436,0.405232288317044,94.2189746829262,0.928571428571429,0.00965250965251008,17.0,0.0396636338992724,-4.20698524164527E-4,7.0,0.190927184784088,-0.0046367496952482,1.0,1.42886097480581,1.31818512041939,21.9462854326053,24.5079774924166,24.4815554507611,1.29095689634737,0.0303505882996751,-0.0802168120919784,0.58921304894218,0.0239185692030267,0.598090205433069,0.243475887206687,2.45646586318977,0.445702089892673,1.32536038462542,0.00427172835087893,0.00527115034475598,0.00553751559208359,3.26219476751709,0.0500909980001499,0.00208279093985941,0.00605491487141285,,0.0331158091927579,0.464805244391827,0.193297721691334,0.256296622137131,0.344622927524843,3.75058488589156,0.00601349361574217,0.367859721312218,3.0295244335445E-4,,0.864984017317917,0.0,0.0,0.755239921245571,7.56433233085686,0.818512295901476,0.891024584898339,0.700293489857479,0.0998422449215714,0.00718667880367951,,0.150505975267791,0.76537630334663,0.103454976474254,0.569064164171916,0.0998422449215714,-1.78070876811494E8,-0.5,26.6397791597864,37.8552473596444
"002236","2014-01-24",57.859447531433,6.22197437686256,86.6323860983305,4.15548983715384,1.58,56.62,1.38212301626568,0.38,0.29,0.5,0.24,38.52,41.84,39.64,38.51,40.82,146.0,1.59553993190964,12.79,0.433756070642901,63.0950276368296,5.70567940903575,38.53,42.13,40.07,38.25,41.07,1.00491304182428,0.710619436643219,0.20367875044991,61.52,18.29,,55.25,12.32,47.96507052684,9.78730895731896,0.98,0.94,1.03,0.238993687822717,0.84,0.67491809139062,0.693349656863381,0.67,0.51,0.59,0.75,0.43,0.566243929357099,0.20367875044991,0.182870243950424,0.218973518824986,0.119616160900115,0.182870243950424,0.27893425967977,0.11491408368064,-0.00343241454345541,3.50616193832056,2.73823353896708,0.324531406112225,0.00407448159479436,0.405232288317044,94.6045254744676,0.928571428571429,0.00432900432900507,17.0,0.038963687418697,-4.67141955647342E-4,7.0,0.187557881523192,-0.00389287702551602,-1.0,1.42886097480581,1.31818512041939,21.9462854326053,24.5257821170501,24.4993600753946,1.33856071810179,0.0303505882996751,-0.0808276104190219,0.603686952020527,0.0239103553370624,0.604842808193796,0.2456549783799,2.46216385347754,0.451412568850168,1.34316512648487,0.00431837575107338,0.00521862180011669,0.00555131170413283,3.26207988755988,0.049207039211912,0.0020460358056266,0.00605491487141285,,0.0331158091927579,0.464805244391827,0.193297721691334,0.256296622137131,0.344622927524843,3.75058488589156,0.00601349361574217,0.367859721312218,2.97607814842571E-4,,0.864984017317917,0.0,0.0,0.755239921245571,7.56433233085686,0.818512295901476,0.891024584898339,0.700293489857479,0.0998422449215714,0.00718667880367951,,0.150505975267791,0.76537630334663,0.103454976474254,0.569064164171916,0.0998422449215714,-2.85614078967933E8,-0.333333333333333,35.3095875538894,37.5017604349182
"002236","2014-01-27",57.859447531433,6.22197437686256,86.6323860983305,4.15548983715384,1.58,56.62,1.38212301626568,0.4,0.31,0.55,0.24,38.34,41.81,39.41,38.36,40.73,146.0,1.59553993190964,12.79,0.433756070642901,63.0950276368296,5.70567940903575,38.38,42.13,39.84,38.33,41.01,1.00491304182428,0.710619436643219,0.20367875044991,61.52,18.29,,55.25,11.79,45.90034894787,9.36600095584497,0.96,0.89,1.01,0.238993687822717,0.84,0.67491809139062,0.693349656863381,0.67,0.5,0.6,0.61,0.43,0.566243929357099,0.20367875044991,0.182870243950424,0.218973518824986,0.119616160900115,0.182870243950424,0.27893425967977,0.11491408368064,-0.00343241454345541,3.50616193832056,2.73823353896708,0.324531406112225,0.00407448159479436,0.405232288317044,90.5321452388117,0.9375,0.027777777777778,17.0,0.0389415994608967,1.77951270579679E-4,7.0,0.185278325155421,-0.00321583389714232,-3.0,1.43741752693969,1.2993810575321,21.9462854326053,24.5298658389071,24.5034437972516,1.33236454080585,0.030140473917492,-0.080835231778592,0.60334368571167,0.023961713297785,0.610149270531599,0.247756673965127,2.46269559873686,0.4796283571883,1.34724896975644,0.00432389134865509,0.00518856816052561,0.00556851895469625,3.26012309370946,0.0490065010999938,0.00203769740193581,0.00605491487141285,,0.0331158091927579,0.464805244391827,0.193297721691334,0.256296622137131,0.344622927524843,3.75058488589156,0.00601349361574217,0.367859721312218,2.96395304989149E-4,,0.864984017317917,0.0,0.0,0.755239921245571,7.56433233085686,0.818512295901476,0.891024584898339,0.700293489857479,0.0998422449215714,0.00718667880367951,,0.150505975267791,0.76537630334663,0.103454976474254,0.569064164171916,0.0998422449215714,-3.29061794248838E8,-0.166666666666667,38.5345865348219,43.5594760013119
"002236","2014-01-28",57.859447531433,6.22197437686256,86.6323860983305,4.15548983715384,1.58,56.62,1.38212301626568,0.43,0.34,0.46,0.24,38.15,41.76,39.17,38.12,40.63,146.0,1.59553993190964,12.79,0.433756070642901,63.0950276368296,5.70567940903575,38.23,42.11,39.6,38.31,40.93,1.00491304182428,0.710619436643219,0.20367875044991,61.52,18.29,,55.25,11.67,45.4483093122376,9.27376192593646,0.96,0.88,1.0,0.238993687822717,0.84,0.67491809139062,0.693349656863381,0.68,0.5,0.62,0.66,0.44,0.566243929357099,0.20367875044991,0.182870243950424,0.218973518824986,0.119616160900115,0.182870243950424,0.27893425967977,0.11491408368064,-0.00343241454345541,3.50616193832056,2.73823353896708,0.324531406112225,0.00407448159479436,0.405232288317044,89.6405590333723,0.916666666666667,0.0,15.0,0.0411882224344808,7.14345285084711E-4,6.0,0.190693277393401,-0.00627985767190721,-6.0,1.46706216805705,1.26471009405174,21.9462854326053,24.4858655096446,24.4594434679892,1.33236454080585,0.0303505882996751,-0.0868550618808313,0.613477606998934,0.0240390430166302,0.620747735868874,0.249586301023841,2.48710659728708,0.435627872624021,1.30324848519216,0.00434340235589307,0.00519184896262803,0.0055686172374647,3.2665186750174,0.0512109457861527,0.00212935853074261,0.00605491487141285,,0.0331158091927579,0.464805244391827,0.193297721691334,0.256296622137131,0.344622927524843,3.75058488589156,0.00601349361574217,0.367859721312218,3.09723836324363E-4,,0.864984017317917,0.0,0.0,0.755239921245571,7.56433233085686,0.818512295901476,0.891024584898339,0.700293489857479,0.0998422449215714,0.00718667880367951,,0.150505975267791,0.76537630334663,0.103454976474254,0.569064164171916,0.0998422449215714,-3.44847034925189E8,-0.166666666666667,32.2360462678719,43.9619713909927
"002236","2014-01-29",57.859447531433,6.22197437686256,86.6323860983305,4.15548983715384,1.58,56.62,1.38212301626568,0.44,0.37,0.48,0.24,37.86,41.7,38.92,37.65,40.5,146.0,1.59553993190964,12.79,0.433756070642901,63.0950276368296,5.70567940903575,37.96,42.09,39.39,37.96,40.83,1.00491304182428,0.710619436643219,0.20367875044991,61.52,18.29,,55.25,11.5,44.7763585025136,9.13664985445084,0.93,0.9,0.95,0.238993687822717,0.84,0.67491809139062,0.693349656863381,0.67,0.49,0.62,0.63,0.45,0.566243929357099,0.20367875044991,0.182870243950424,0.218973518824986,0.119616160900115,0.182870243950424,0.27893425967977,0.11491408368064,-0.00343241454345541,3.50616193832056,2.73823353896708,0.324531406112225,0.00407448159479436,0.405232288317044,88.3152281874488,0.923913043478261,0.00724637681159401,16.0,0.0416753462681239,7.98906362134387E-4,7.0,0.192591729474851,-0.00634054698761254,-7.0,1.47165588278295,1.2647309271109,21.9462854326053,24.4759684113379,24.4495463696824,1.33517507495268,0.0303505882996751,-0.086765351994485,0.613144765017273,0.0240300231039337,0.620747735868874,0.249586301023841,2.48710659728708,0.4240901472484,1.29335159083462,0.00437033679672403,0.00521157597827072,0.00557556804693366,3.26150054784409,0.0517203019673591,0.0021505376344086,0.00605491487141285,,0.0331158091927579,0.464805244391827,0.193297721691334,0.256296622137131,0.344622927524843,3.75058488589156,0.00601349361574217,0.367859721312218,3.12803459250322E-4,,0.864984017317917,0.0,0.0,0.755239921245571,7.56433233085686,0.818512295901476,0.891024584898339,0.700293489857479,0.0998422449215714,0.00718667880367951,,0.150505975267791,0.76537630334663,0.103454976474254,0.569064164171916,0.0998422449215714,-3.72996964371579E8,-0.166666666666667,33.4905404623584,43.010990630507
"002236","2014-01-30",57.859447531433,6.22197437686256,86.6323860983305,4.15548983715384,1.58,56.62,1.38212301626568,0.42,0.37,0.42,0.24,37.62,41.65,38.64,37.22,40.39,146.0,1.59553993190964,12.79,0.433756070642901,63.0950276368296,5.70567940903575,37.74,42.07,39.08,37.47,40.74,1.00491304182428,0.710619436643219,0.20367875044991,61.52,18.29,,55.25,11.5,44.7885757899631,9.13914280120513,0.94,0.86,0.94,0.238993687822717,0.84,0.67491809139062,0.693349656863381,0.64,0.49,0.59,0.57,0.45,0.566243929357099,0.20367875044991,0.182870243950424,0.218973518824986,0.119616160900115,0.182870243950424,0.27893425967977,0.11491408368064,-0.00343241454345541,3.50616193832056,2.73823353896708,0.324531406112225,0.00407448159479436,0.405232288317044,88.3393251119201,0.923913043478261,0.00724637681159401,18.0,0.0423007607414518,8.10895407132311E-4,9.0,0.195481919139548,-0.00643569844308831,-7.0,1.47165588278295,1.2647309271109,21.9462854326053,24.4610730783914,24.434651036736,1.34147664164401,0.0303505882996751,-0.0856698865166822,0.626505013647979,0.0239995659801561,0.620747735868874,0.249586301023841,2.48710659728708,0.397784739883859,1.27845621634571,0.00438457317447583,0.00522390358874813,0.00556417145195829,3.25853060879728,0.0524964592956551,0.00218281036834925,0.00605491487141285,,0.0331158091927579,0.464805244391827,0.193297721691334,0.256296622137131,0.344622927524843,3.75058488589156,0.00601349361574217,0.367859721312218,3.17496154473929E-4,,0.864984017317917,0.0,0.0,0.755239921245571,7.56433233085686,0.818512295901476,0.891024584898339,0.700293489857479,0.0998422449215714,0.00718667880367951,,0.150505975267791,0.76537630334663,0.103454976474254,0.569064164171916,0.0998422449215714,-4.11729489667056E8,-0.166666666666667,34.9323594663571,43.265064239979
"002236","2014-02-07",57.859447531433,6.22197437686256,86.6323860983305,4.15548983715384,1.58,56.62,1.38212301626568,0.41,0.35,0.39,0.24,37.56,41.59,38.41,37.06,40.3,146.0,1.59553993190964,12.79,0.433756070642901,63.0950276368296,5.70567940903575,37.67,42.04,38.79,37.09,40.67,1.00491304182428,0.710619436643219,0.20367875044991,61.52,18.29,,55.25,11.71,45.6193513365309,9.30866318049644,0.98,0.87,0.95,0.238993687822717,0.84,0.67491809139062,0.693349656863381,0.65,0.48,0.59,0.54,0.45,0.566243929357099,0.20367875044991,0.182870243950424,0.218973518824986,0.119616160900115,0.182870243950424,0.27893425967977,0.11491408368064,-0.00343241454345541,3.50616193832056,2.73823353896708,0.324531406112225,0.00407448159479436,0.405232288317044,89.977915975971,0.923913043478261,0.02875175315568,20.0,0.0422892220724007,0.00141335176457875,11.0,0.195428596193793,-0.00473369108872309,-9.0,1.47165588278295,1.2647309271109,21.9462854326053,24.4613458924703,24.4349238508149,1.32014465161753,0.0299303595353089,-0.0933450112519089,0.625862811163144,0.0240652339832551,0.634925145473525,0.254756249854215,2.4922848638134,0.407215879421505,1.2062388329802,0.00453303172356169,0.00480484720241104,0.00559012710402538,3.26503212257194,0.0524821394758799,0.00218221494817239,0.00605491487141285,,0.0331158091927579,0.464805244391827,0.193297721691334,0.256296622137131,0.344622927524843,3.75058488589156,0.00601349361574217,0.367859721312218,3.17409576356593E-4,,0.864984017317917,0.0,0.0,0.755239921245571,7.56433233085686,0.818512295901476,0.891024584898339,0.700293489857479,0.0998422449215714,0.00718667880367951,,0.150505975267791,0.76537630334663,0.103454976474254,0.569064164171916,0.0998422449215714,-4.14164857365529E8,0.0,37.2062258688227,44.1216705215218
"002236","2014-02-10",57.859447531433,6.22197437686256,86.6323860983305,4.15548983715384,1.58,56.62,1.38212301626568,0.45,0.36,0.42,0.24,37.76,41.57,38.35,37.52,40.25,146.0,1.59553993190964,12.79,0.433756070642901,63.0950276368296,5.70567940903575,37.83,42.03,38.64,37.33,40.63,1.00491304182428,0.710619436643219,0.20367875044991,61.52,18.29,,55.25,12.16,47.3664234418132,9.66515456635905,1.04,0.92,1.03,0.238993687822717,0.84,0.67491809139062,0.693349656863381,0.6,0.48,0.61,0.58,0.46,0.566243929357099,0.20367875044991,0.182870243950424,0.218973518824986,0.119616160900115,0.182870243950424,0.27893425967977,0.11491408368064,-0.00343241454345541,3.50616193832056,2.73823353896708,0.324531406112225,0.00407448159479436,0.405232288317044,93.4237761753721,0.926470588235294,0.014705882352941,16.0,0.0417620707705479,3.00387326882285E-4,7.0,0.196412522034676,-0.00390039398269459,-15.0,1.48612057403363,1.31835278596468,21.9462854326053,24.4797247881723,24.4533027465169,1.34198920444322,0.0303505882996751,-0.104226170761463,0.621702956789903,0.0241139960265786,0.62715778936036,0.252562683859117,2.48317676933698,0.384339568810558,1.23120201820917,0.00457390783032373,0.00478215177665181,0.00559905639054583,3.27925343750969,0.0515263854629287,0.00214247455811462,0.00605491487141285,,0.0331158091927579,0.464805244391827,0.193297721691334,0.256296622137131,0.344622927524843,3.75058488589156,0.00601349361574217,0.367859721312218,3.11631021189303E-4,,0.864984017317917,0.0,0.0,0.755239921245571,7.56433233085686,0.818512295901476,0.891024584898339,0.700293489857479,0.0998422449215714,0.00718667880367951,,0.150505975267791,0.76537630334663,0.103454976474254,0.569064164171916,0.0998422449215714,-4.32200626324254E8,0.0,36.6271626446879,49.7343039465257
"002236","2014-02-11",57.859447531433,6.22197437686256,86.6323860983305,4.15548983715384,1.58,56.62,1.38212301626568,0.39,0.38,0.44,0.24,37.84,41.53,38.24,37.71,40.17,146.0,1.59553993190964,12.79,0.433756070642901,63.0950276368296,5.70567940903575,37.91,42.01,38.47,37.5,40.55,1.00491304182428,0.710619436643219,0.20367875044991,61.52,18.29,,55.25,11.94,46.4867787454473,9.4856624000506,1.02,0.92,1.02,0.238993687822717,0.84,0.67491809139062,0.693349656863381,0.6,0.48,0.61,0.55,0.47,0.566243929357099,0.20367875044991,0.182870243950424,0.218973518824986,0.119616160900115,0.182870243950424,0.27893425967977,0.11491408368064,-0.00343241454345541,3.50616193832056,2.73823353896708,0.324531406112225,0.00407448159479436,0.405232288317044,91.6887976134359,0.926470588235294,-0.002100840336135,13.0,0.0402217106673268,8.31476500209506E-4,6.0,0.18916800548813,0.0010865530034512,-14.0,1.48612057403363,1.31835278596468,21.9462854326053,24.5173064017416,24.4908843600862,1.31012524637786,0.0303505882996751,-0.108520485660667,0.634366631004405,0.0241037837876572,0.62715778936036,0.252562683859117,2.48317676933698,0.4219208973895,1.26878334678811,0.00465253077651256,0.00478265264629578,0.00560735061758778,3.28783457122104,0.0496258765330348,0.00206345112200155,0.00605491487141285,,0.0331158091927579,0.464805244391827,0.193297721691334,0.256296622137131,0.344622927524843,3.75058488589156,0.00601349361574217,0.367859721312218,3.00140213654898E-4,,0.864984017317917,0.0,0.0,0.755239921245571,7.56433233085686,0.818512295901476,0.891024584898339,0.700293489857479,0.0998422449215714,0.00718667880367951,,0.150505975267791,0.76537630334663,0.103454976474254,0.569064164171916,0.0998422449215714,-4.45713634153922E8,0.166666666666667,49.2397459130257,57.8031982463524
"002236","2014-02-12",57.859447531433,6.22197437686256,86.6323860983305,4.15548983715384,1.58,56.62,1.38212301626568,0.47,0.41,0.56,0.24,37.75,41.48,38.11,37.75,40.08,146.0,1.59553993190964,12.79,0.433756070642901,63.0950276368296,5.70567940903575,37.82,41.99,38.3,37.67,40.48,1.00491304182428,0.710619436643219,0.20367875044991,61.52,18.29,,55.25,11.76,45.8148279357233,9.34855032856498,0.98,0.91,1.02,0.238993687822717,0.84,0.67491809139062,0.693349656863381,0.67,0.49,0.66,0.71,0.49,0.566243929357099,0.20367875044991,0.182870243950424,0.218973518824986,0.119616160900115,0.182870243950424,0.27893425967977,0.11491408368064,-0.00343241454345541,3.50616193832056,2.73823353896708,0.324531406112225,0.00407448159479436,0.405232288317044,90.3634667675123,0.926470588235294,-0.0158371040723979,12.0,0.0409828047982197,7.95036790783757E-4,7.0,0.19274753147897,0.00110711327053359,-13.0,1.48612057403363,1.31835278596468,21.9462854326053,24.4985607343665,24.472138692711,1.30812724371519,0.0303875795751387,-0.109555604004506,0.629608055713936,0.0240973984757033,0.62715778936036,0.252562683859117,2.48317676933698,0.403175273109209,1.25003772250782,0.00470543081996302,0.00477609813293499,0.00560824765439251,3.28748536764148,0.0505649207144746,0.00210249671484888,0.00605491487141285,,0.0331158091927579,0.464805244391827,0.193297721691334,0.256296622137131,0.344622927524843,3.75058488589156,0.00601349361574217,0.367859721312218,3.05817871113449E-4,,0.864984017317917,0.0,0.0,0.755239921245571,7.56433233085686,0.818512295901476,0.891024584898339,0.700293489857479,0.0998422449215714,0.00718667880367951,,0.150505975267791,0.76537630334663,0.103454976474254,0.569064164171916,0.0998422449215714,-4.33020087080552E8,0.166666666666667,50.2986451945327,50.2563115183235
"002236","2014-02-13",57.859447531433,6.22197437686256,86.6323860983305,4.15548983715384,1.58,56.62,1.38212301626568,0.47,0.43,0.57,0.24,37.58,41.44,37.96,37.66,39.99,146.0,1.59553993190964,12.79,0.433756070642901,63.0950276368296,5.70567940903575,37.62,41.97,38.12,37.75,40.39,1.00491304182428,0.710619436643219,0.20367875044991,61.52,18.29,,55.25,11.64,45.3139191502928,9.24633951163934,0.95,0.91,1.01,0.238993687822717,0.84,0.67491809139062,0.693349656863381,0.66,0.49,0.66,0.75,0.49,0.566243929357099,0.20367875044991,0.182870243950424,0.218973518824986,0.119616160900115,0.182870243950424,0.27893425967977,0.11491408368064,-0.00343241454345541,3.50616193832056,2.73823353896708,0.324531406112225,0.00407448159479436,0.405232288317044,89.3754928641875,0.926470588235294,-0.0158371040723979,10.0,0.0409888112891474,2.11622684269086E-4,7.0,0.195574495273995,0.00112335093183475,-11.0,1.4505436362965,1.31835278596468,21.9462854326053,24.4840005830351,24.4575785413797,1.3509303660405,0.0311596144739377,-0.109741998295087,0.628920366814959,0.0240606252319648,0.62715778936036,0.252562683859117,2.48317676933698,0.388615352740299,1.24947026841398,0.00489168474676996,0.00480621941525973,0.00564424021610663,3.22724083184453,0.0513065395516202,0.00213333333333333,0.00605491487141285,,0.0331158091927579,0.464805244391827,0.193297721691334,0.256296622137131,0.344622927524843,3.75058488589156,0.00601349361574217,0.367859721312218,3.10301808084151E-4,,0.864984017317917,0.0,0.0,0.755239921245571,7.56433233085686,0.818512295901476,0.891024584898339,0.700293489857479,0.0998422449215714,0.00718667880367951,,0.150505975267791,0.76537630334663,0.103454976474254,0.569064164171916,0.0998422449215714,-4.70727786496567E8,0.166666666666667,52.0395689780531,39.3698199964172
"002236","2014-02-14",57.859447531433,6.22197437686256,86.6323860983305,4.15548983715384,1.58,56.62,1.38212301626568,0.52,0.46,0.72,0.24,37.4,41.38,37.83,37.5,39.89,146.0,1.59553993190964,12.79,0.433756070642901,63.0950276368296,5.70567940903575,37.39,41.94,37.97,37.69,40.31,1.00491304182428,0.710619436643219,0.20367875044991,61.52,18.29,,55.25,11.61,45.2161808506966,9.22639593760507,0.94,0.92,0.99,0.238993687822717,0.84,0.67491809139062,0.693349656863381,0.72,0.49,0.69,0.89,0.5,0.566243929357099,0.20367875044991,0.182870243950424,0.218973518824986,0.119616160900115,0.182870243950424,0.27893425967977,0.11491408368064,-0.00343241454345541,3.50616193832056,2.73823353896708,0.324531406112225,0.00407448159479436,0.405232288317044,89.1827174684169,0.926470588235294,-0.0158371040723979,8.0,0.0414419094996772,2.13962002159362E-4,7.0,0.197736413393767,0.00113576866928561,-9.0,1.4505436362965,1.31835278596468,21.9462854326053,24.4730070415603,24.4465849999048,1.31566222720304,0.0303875795751387,-0.109365210578451,0.630437363113967,0.0240382084173821,0.623194897110382,0.251113708023311,2.48172392505362,0.377621778873114,1.23019509076182,0.00490018397769985,0.00480737826685123,0.00564523334130278,3.23272489919677,0.0518736919165748,0.00215691561067673,0.00605491487141285,,0.0331158091927579,0.464805244391827,0.193297721691334,0.256296622137131,0.344622927524843,3.75058488589156,0.00601349361574217,0.367859721312218,3.13730867865756E-4,,0.864984017317917,0.0,0.0,0.755239921245571,7.56433233085686,0.818512295901476,0.891024584898339,0.700293489857479,0.0998422449215714,0.00718667880367951,,0.150505975267791,0.76537630334663,0.103454976474254,0.569064164171916,0.0998422449215714,-5.40422724319174E8,0.0,48.9893317931742,38.6548655473922
"002236","2014-02-17",57.859447531433,6.22197437686256,86.6323860983305,4.15548983715384,1.58,56.62,1.38212301626568,0.61,0.51,0.93,0.24,37.26,41.32,37.69,37.07,39.77,146.0,1.59553993190964,12.79,0.433756070642901,63.0950276368296,5.70567940903575,37.28,41.9,37.84,37.23,40.21,1.00491304182428,0.710619436643219,0.20367875044991,61.52,18.29,,55.25,11.45,44.5808819033212,9.0967627063823,0.97,0.93,0.94,0.238993687822717,0.84,0.67491809139062,0.693349656863381,0.81,0.5,0.74,1.04,0.52,0.566243929357099,0.20367875044991,0.182870243950424,0.218973518824986,0.119616160900115,0.182870243950424,0.27893425967977,0.11491408368064,-0.00343241454345541,3.50616193832056,2.73823353896708,0.324531406112225,0.00407448159479436,0.405232288317044,87.9296773959074,0.926470588235294,-0.0158371040723979,6.0,0.0415314894175366,2.14424497705775E-4,7.0,0.198163836065248,0.0011382237217996,-7.0,1.4505436362965,1.31835278596468,21.9462854326053,24.4708477964568,24.4444257548014,1.28984796902455,0.0312521165372779,-0.10704307621803,0.628872175410254,0.0239950324960819,0.623194897110382,0.251113708023311,2.48172392505362,0.375462331004358,1.19957872592123,0.00501793720012094,0.00483968769730385,0.00566871570111154,3.20791488424827,0.0519858209453055,0.00216157795190489,0.00605491487141285,,0.0331158091927579,0.464805244391827,0.193297721691334,0.256296622137131,0.344622927524843,3.75058488589156,0.00601349361574217,0.367859721312218,3.14408808375061E-4,,0.864984017317917,0.0,0.0,0.755239921245571,7.56433233085686,0.818512295901476,0.891024584898339,0.700293489857479,0.0998422449215714,0.00718667880367951,,0.150505975267791,0.76537630334663,0.103454976474254,0.569064164171916,0.0998422449215714,-6.17199795898144E8,-0.166666666666667,40.4632482036252,39.3182196502955
"002236","2014-02-18",57.859447531433,6.22197437686256,86.6323860983305,4.15548983715384,1.58,56.62,1.38212301626568,0.68,0.54,1.03,0.24,37.19,41.26,37.59,36.9,39.67,146.0,1.59553993190964,12.79,0.433756070642901,63.0950276368296,5.70567940903575,37.25,41.86,37.75,36.98,40.11,1.00491304182428,0.710619436643219,0.20367875044991,61.52,18.29,,55.25,11.54,44.9596178142565,9.1740440557651,0.99,0.95,0.97,0.238993687822717,0.84,0.67491809139062,0.693349656863381,0.86,0.5,0.77,1.18,0.53,0.566243929357099,0.20367875044991,0.182870243950424,0.218973518824986,0.119616160900115,0.182870243950424,0.27893425967977,0.11491408368064,-0.00343241454345541,3.50616193832056,2.73823353896708,0.324531406112225,0.00407448159479436,0.405232288317044,88.6766820545188,0.883333333333333,-0.0523809523809531,3.0,0.0421660261008962,8.06013291780431E-4,8.0,0.204927617142486,0.00679993335861769,-4.0,1.45302732296568,1.36379816609451,21.9462854326053,24.4566979005071,24.4302758588517,1.26926133541616,0.0315391391517812,-0.107477710319456,0.625399233027096,0.0239845199036296,0.623194897110382,0.251113708023311,2.48172392505362,0.361312362474798,1.18542875739167,0.00520635372084325,0.00491021763010991,0.00570747066413922,3.07918607150236,0.0527266438253154,0.00219238147437654,0.00605491487141285,,0.0331158091927579,0.464805244391827,0.193297721691334,0.256296622137131,0.344622927524843,3.75058488589156,0.00601349361574217,0.367859721312218,3.18887855910184E-4,,0.864984017317917,0.0,0.0,0.755239921245571,7.56433233085686,0.818512295901476,0.891024584898339,0.700293489857479,0.0998422449215714,0.00718667880367951,,0.150505975267791,0.76537630334663,0.103454976474254,0.569064164171916,0.0998422449215714,-7.54420462911967E8,-0.333333333333333,31.7991442933001,44.459599888756
"002236","2014-02-19",57.859447531433,6.22197437686256,86.6323860983305,4.15548983715384,1.58,56.62,1.38212301626568,0.68,0.54,1.07,0.24,37.16,41.21,37.48,36.8,39.58,146.0,1.59553993190964,12.79,0.433756070642901,63.0950276368296,5.70567940903575,37.26,41.83,37.62,36.84,40.03,1.00491304182428,0.710619436643219,0.20367875044991,61.52,18.29,,55.25,11.53,44.9229659519079,9.16656521550225,1.0,0.93,0.98,0.238993687822717,0.84,0.67491809139062,0.693349656863381,0.89,0.5,0.78,1.07,0.54,0.566243929357099,0.20367875044991,0.182870243950424,0.218973518824986,0.119616160900115,0.182870243950424,0.27893425967977,0.11491408368064,-0.00343241454345541,3.50616193832056,2.73823353896708,0.324531406112225,0.00407448159479436,0.405232288317044,88.6043912811048,0.883333333333333,-0.0452380952380961,2.0,0.0418108231636332,4.1190528126767E-4,9.0,0.203201324715471,0.00392107559707878,-3.0,1.45302732296568,1.36379816609451,21.9462854326053,24.4651574952336,24.4387354535782,1.27981684935568,0.0315391391517812,-0.107750601343282,0.638494253281825,0.0239550987673173,0.621230167239919,0.250120828321518,2.48372025396205,0.3691830458895,1.19388827214229,0.00538087620330417,0.00494837739778857,0.00574863762787842,3.00316562666347,0.0522824791626565,0.00217391304347826,0.00605491487141285,,0.0331158091927579,0.464805244391827,0.193297721691334,0.256296622137131,0.344622927524843,3.75058488589156,0.00601349361574217,0.367859721312218,3.16202421750745E-4,,0.864984017317917,0.0,0.0,0.755239921245571,7.56433233085686,0.818512295901476,0.891024584898339,0.700293489857479,0.0998422449215714,0.00718667880367951,,0.150505975267791,0.76537630334663,0.103454976474254,0.569064164171916,0.0998422449215714,-8.90665759063611E8,-0.333333333333333,33.1966322908049,35.9074252638086
"002236","2014-02-20",57.859447531433,6.22197437686256,86.6323860983305,4.15548983715384,1.58,56.62,1.38212301626568,0.71,0.54,0.97,0.24,37.03,41.13,37.34,36.58,39.47,146.0,1.59553993190964,12.79,0.433756070642901,63.0950276368296,5.70567940903575,37.21,41.78,37.48,36.65,39.93,1.00491304182428,0.710619436643219,0.20367875044991,61.52,18.29,,55.25,11.34,44.1654941300373,9.01200251673664,0.99,0.93,0.97,0.238993687822717,0.84,0.67491809139062,0.693349656863381,0.94,0.5,0.79,1.13,0.55,0.566243929357099,0.20367875044991,0.182870243950424,0.218973518824986,0.119616160900115,0.182870243950424,0.27893425967977,0.11491408368064,-0.00343241454345541,3.50616193832056,2.73823353896708,0.324531406112225,0.00407448159479436,0.405232288317044,87.1103819638819,0.883333333333333,-0.0452380952380961,0.0,0.0418449358831032,4.12241347583635E-4,11.0,0.203367113122908,0.00392427473409026,-1.0,1.45302732296568,1.36379816609451,21.9462854326053,24.4643419453719,24.4379199037165,1.28729127626474,0.0315391391517812,-0.105871066935714,0.636030547417406,0.0239629557779854,0.612660139203026,0.246306581205816,2.48738842544805,0.389371197639066,1.16735409733135,0.00545208026874241,0.00506611316818009,0.005774151371063,2.96848098092494,0.0523251355231373,0.00217568670111504,0.00605491487141285,,0.0331158091927579,0.464805244391827,0.193297721691334,0.256296622137131,0.344622927524843,3.75058488589156,0.00601349361574217,0.367859721312218,3.16460324135485E-4,,0.864984017317917,0.0,0.0,0.755239921245571,7.56433233085686,0.818512295901476,0.891024584898339,0.700293489857479,0.0998422449215714,0.00718667880367951,,0.150505975267791,0.76537630334663,0.103454976474254,0.569064164171916,0.0998422449215714,-1.00715623480477E9,-0.333333333333333,42.9328144032149,36.7632445231897
"002236","2014-02-21",57.859447531433,6.22197437686256,86.6323860983305,4.15548983715384,1.58,56.62,1.38212301626568,0.78,0.56,1.06,0.24,36.98,41.07,37.28,36.61,39.38,146.0,1.59553993190964,12.79,0.433756070642901,63.0950276368296,5.70567940903575,37.15,41.72,37.42,36.61,39.86,1.00491304182428,0.710619436643219,0.20367875044991,61.52,18.29,,55.25,11.55,44.9962696766051,9.18152289602795,0.99,0.97,0.99,0.238993687822717,0.84,0.67491809139062,0.693349656863381,1.0,0.51,0.83,1.11,0.56,0.566243929357099,0.20367875044991,0.182870243950424,0.218973518824986,0.119616160900115,0.182870243950424,0.27893425967977,0.11491408368064,-0.00343241454345541,3.50616193832056,2.73823353896708,0.324531406112225,0.00407448159479436,0.405232288317044,88.7489728279328,0.875,-0.053571428571429,-2.0,0.0425626083657456,4.19311600294613E-4,13.0,0.206855013818238,0.00399157903105115,1.0,1.45302732296568,1.36379816609451,21.9462854326053,24.4473365986635,24.4209145570081,1.33856071810178,0.0315391391517812,-0.107311634571895,0.63465334486151,0.0238380094615032,0.61200393596483,0.245761640508192,2.49023376756158,0.355291959696463,1.13484473292989,0.00555208780557685,0.00502142399311913,0.00580074580491906,2.95095351298461,0.0532225514020957,0.00221300138312586,0.00605491487141285,,0.0331158091927579,0.464805244391827,0.193297721691334,0.256296622137131,0.344622927524843,3.75058488589156,0.00601349361574217,0.367859721312218,3.21886112383625E-4,,0.864984017317917,0.0,0.0,0.755239921245571,7.56433233085686,0.818512295901476,0.891024584898339,0.700293489857479,0.0998422449215714,0.00718667880367951,,0.150505975267791,0.76537630334663,0.103454976474254,0.569064164171916,0.0998422449215714,-1.06014723508407E9,-0.333333333333333,41.1166892743811,30.5305415402729
"002236","2014-02-24",57.859447531433,6.22197437686256,86.6323860983305,4.15548983715384,1.58,56.62,1.38212301626568,0.85,0.59,1.05,0.24,36.67,40.99,37.15,36.31,39.27,146.0,1.59553993190964,12.79,0.433756070642901,63.0950276368296,5.70567940903575,36.83,41.66,37.34,36.42,39.77,1.00491304182428,0.710619436643219,0.20367875044991,61.52,18.29,,55.25,11.15,43.4202395956162,8.85993276472532,0.92,0.96,0.97,0.238993687822717,0.84,0.67491809139062,0.693349656863381,1.04,0.52,0.82,1.03,0.57,0.566243929357099,0.20367875044991,0.182870243950424,0.218973518824986,0.119616160900115,0.182870243950424,0.27893425967977,0.11491408368064,-0.00343241454345541,3.50616193832056,2.73823353896708,0.324531406112225,0.00407448159479436,0.405232288317044,85.6404695711304,0.875,-0.0625,-4.0,0.0417767660174234,2.65845712378461E-4,15.0,0.20303580639504,0.00553303567546812,3.0,1.45302732296568,1.36379816609451,21.9462854326053,24.4659723805157,24.4395503388603,1.32470962608566,0.0315391391517812,-0.112743659572101,0.645028112731755,0.0237786248675514,0.666604251916016,0.260288832824502,2.56101748462435,0.363548534877492,1.14053002294866,0.00567154962486128,0.00501606789675818,0.00584294891581557,2.93726893142017,0.0522398922939386,0.00217214227531903,0.00605491487141285,,0.0331158091927579,0.464805244391827,0.193297721691334,0.256296622137131,0.344622927524843,3.75058488589156,0.00601349361574217,0.367859721312218,3.15944939383765E-4,,0.864984017317917,0.0,0.0,0.755239921245571,7.56433233085686,0.818512295901476,0.891024584898339,0.700293489857479,0.0998422449215714,0.00718667880367951,,0.150505975267791,0.76537630334663,0.103454976474254,0.569064164171916,0.0998422449215714,-1.00309578304849E9,-0.166666666666667,51.4899987029249,37.9803023058968
"002236","2014-02-25",57.859447531433,6.22197437686256,86.6323860983305,4.15548983715384,1.58,56.62,1.38212301626568,1.04,0.65,1.32,0.24,35.87,40.86,36.74,34.97,39.06,146.0,1.59553993190964,12.79,0.433756070642901,63.0950276368296,5.70567940903575,36.22,41.57,37.08,35.46,39.62,1.00491304182428,0.710619436643219,0.20367875044991,61.52,18.29,,55.25,10.04,39.0831025510344,7.9749366669545,0.84,0.86,0.87,0.238993687822717,0.84,0.67491809139062,0.693349656863381,1.28,0.54,0.94,1.38,0.62,0.566243929357099,0.20367875044991,0.182870243950424,0.218973518824986,0.119616160900115,0.182870243950424,0.27893425967977,0.11491408368064,-0.00343241454345541,3.50616193832056,2.73823353896708,0.324531406112225,0.00407448159479436,0.405232288317044,77.0860613838059,0.854545454545455,-0.0621212121212119,-7.0,0.0432668233625499,-2.74018417513168E-4,14.0,0.210820759334058,0.00923532231464108,6.0,1.45153604491473,1.3684642539605,21.9462854326053,24.4303184727853,24.4038964311298,1.31416541220999,0.032153319284203,-0.114047299891631,0.657221309925034,0.0237865267898268,0.69086565324747,0.269791244313738,2.56074156522317,0.327894788512939,1.1048762765841,0.0058283383228955,0.00506325794835272,0.00586379217292889,2.93986175028797,0.0541360504554237,0.00225098480585256,0.00605491487141285,,0.0331158091927579,0.464805244391827,0.193297721691334,0.256296622137131,0.344622927524843,3.75058488589156,0.00601349361574217,0.367859721312218,3.27409079226851E-4,,0.864984017317917,0.0,0.0,0.755239921245571,7.56433233085686,0.818512295901476,0.891024584898339,0.700293489857479,0.0998422449215714,0.00718667880367951,,0.150505975267791,0.76537630334663,0.103454976474254,0.569064164171916,0.0998422449215714,-1.00832848220977E9,-0.333333333333333,42.3497025193303,37.1588717151471
"002236","2014-02-26",57.859447531433,6.22197437686256,86.6323860983305,4.15548983715384,1.58,56.62,1.38212301626568,1.14,0.69,1.42,0.24,35.12,40.72,36.29,33.77,38.85,146.0,1.59553993190964,12.79,0.433756070642901,63.0950276368296,5.70567940903575,35.63,41.47,36.73,34.41,39.47,1.00491304182428,0.710619436643219,0.20367875044991,61.52,18.29,,55.25,9.89,38.5088900409066,7.85776816950315,0.84,0.82,0.86,0.238993687822717,0.84,0.67491809139062,0.693349656863381,1.32,0.54,1.0,1.57,0.64,0.566243929357099,0.20367875044991,0.182870243950424,0.218973518824986,0.119616160900115,0.182870243950424,0.27893425967977,0.11491408368064,-0.00343241454345541,3.50616193832056,2.73823353896708,0.324531406112225,0.00407448159479436,0.405232288317044,75.953505933653,0.854545454545455,-0.0693675889328059,-8.0,0.0480682370211011,-3.94497620168321E-4,13.0,0.234215998334868,0.0102581259852447,7.0,1.45153604491473,1.3684642539605,21.9462854326053,24.3250830040202,24.2986609623647,1.33517507495268,0.032153319284203,-0.1359191190157,0.702981012851059,0.024344852042317,0.802617357903784,0.299428873457516,2.6804941976234,0.18050520860706,0.999640618830714,0.00628791555106631,0.00527330636181929,0.0059734845326318,3.00614218301973,0.0601436459264069,0.00250078149421694,0.00605491487141285,,0.0331158091927579,0.464805244391827,0.193297721691334,0.256296622137131,0.344622927524843,3.75058488589156,0.00601349361574217,0.367859721312218,3.63729162629103E-4,,0.864984017317917,0.0,0.0,0.755239921245571,7.56433233085686,0.818512295901476,0.891024584898339,0.700293489857479,0.0998422449215714,0.00718667880367951,,0.150505975267791,0.76537630334663,0.103454976474254,0.569064164171916,0.0998422449215714,-1.16518123165605E9,-0.5,23.7486432133949,32.4007563018925
"002236","2014-02-27",57.859447531433,6.22197437686256,86.6323860983305,4.15548983715384,1.58,56.62,1.38212301626568,1.14,0.72,1.54,0.24,34.2,40.56,35.71,32.38,38.58,146.0,1.59553993190964,12.79,0.433756070642901,63.0950276368296,5.70567940903575,34.9,41.33,36.27,33.15,39.27,1.00491304182428,0.710619436643219,0.20367875044991,61.52,18.29,,55.25,9.37,36.4808203242853,7.44393900829201,0.8,0.76,0.83,0.238993687822717,0.84,0.67491809139062,0.693349656863381,1.41,0.55,1.03,1.68,0.66,0.566243929357099,0.20367875044991,0.182870243950424,0.218973518824986,0.119616160900115,0.182870243950424,0.27893425967977,0.11491408368064,-0.00343241454345541,3.50616193832056,2.73823353896708,0.324531406112225,0.00407448159479436,0.405232288317044,71.9534164714112,0.854545454545455,-0.0693675889328059,-9.0,0.0487849905553625,-4.00380040266009E-4,11.0,0.237708432320191,0.0104110866201769,9.0,1.45153604491473,1.3684642539605,21.9462854326053,24.3102819150484,24.283859873393,1.33717707762335,0.0326814008442264,-0.129499374651292,0.701387101567693,0.0243157776082336,0.817401534273727,0.306933980476292,2.66311841069309,0.135532658415322,0.974975075935041,0.00653214219860233,0.00539668380501761,0.00602113581420328,2.96115400921224,0.0610404579056395,0.00253807106598985,0.00605491487141285,,0.0331158091927579,0.464805244391827,0.193297721691334,0.256296622137131,0.344622927524843,3.75058488589156,0.00601349361574217,0.367859721312218,3.69150786966335E-4,,0.864984017317917,0.0,0.0,0.755239921245571,7.56433233085686,0.818512295901476,0.891024584898339,0.700293489857479,0.0998422449215714,0.00718667880367951,,0.150505975267791,0.76537630334663,0.103454976474254,0.569064164171916,0.0998422449215714,-1.29457886693903E9,-0.666666666666667,10.7258139250767,30.3717535924143
"002236","2014-02-28",57.859447531433,6.22197437686256,86.6323860983305,4.15548983715384,1.58,56.62,1.38212301626568,1.16,0.73,1.52,0.24,33.44,40.4,35.18,31.3,38.33,146.0,1.59553993190964,12.79,0.433756070642901,63.0950276368296,5.70567940903575,34.22,41.21,35.82,31.83,39.07,1.00491304182428,0.710619436643219,0.20367875044991,61.52,18.29,,55.25,9.47,36.8962080975692,7.52869919793766,0.82,0.77,0.82,0.238993687822717,0.84,0.67491809139062,0.693349656863381,1.37,0.55,1.05,1.63,0.67,0.566243929357099,0.20367875044991,0.182870243950424,0.218973518824986,0.119616160900115,0.182870243950424,0.27893425967977,0.11491408368064,-0.00343241454345541,3.50616193832056,2.73823353896708,0.324531406112225,0.00407448159479436,0.405232288317044,72.7727119034366,0.854545454545455,-0.0693675889328059,-11.0,0.0514970831314476,-4.22638274252666E-4,9.0,0.25092330163203,0.0109898677249825,11.0,1.45153604491473,1.3684642539605,21.9462854326053,24.2561794421698,24.2297574005144,1.31688437435559,0.0329135160473657,-0.122188210727468,0.747877195466272,0.0245382223316808,0.793525275632717,0.294436845564165,2.69506105498535,0.0978747874398815,0.942619468316056,0.00673306703296188,0.00548322140807561,0.00606601466104098,2.97272116374309,0.0644338658133208,0.00267916945746818,0.00605491487141285,,0.0331158091927579,0.464805244391827,0.193297721691334,0.256296622137131,0.344622927524843,3.75058488589156,0.00601349361574217,0.367859721312218,3.89664903627033E-4,,0.864984017317917,0.0,0.0,0.755239921245571,7.56433233085686,0.818512295901476,0.891024584898339,0.700293489857479,0.0998422449215714,0.00718667880367951,,0.150505975267791,0.76537630334663,0.103454976474254,0.569064164171916,0.0998422449215714,-1.50372437944038E9,-0.666666666666667,9.73444130332704,26.6118231548068
"002236","2014-03-03",57.859447531433,6.22197437686256,86.6323860983305,4.15548983715384,1.58,56.62,1.38212301626568,1.17,0.76,1.57,0.24,32.95,40.26,34.81,30.88,38.11,146.0,1.59553993190964,12.79,0.433756070642901,63.0950276368296,5.70567940903575,33.7,41.1,35.5,30.98,38.89,1.00491304182428,0.710619436643219,0.20367875044991,61.52,18.29,,55.25,9.82,38.2401097170171,7.8029233409089,0.86,0.83,0.88,0.238993687822717,0.84,0.67491809139062,0.693349656863381,1.36,0.56,1.08,1.69,0.69,0.566243929357099,0.20367875044991,0.182870243950424,0.218973518824986,0.119616160900115,0.182870243950424,0.27893425967977,0.11491408368064,-0.00343241454345541,3.50616193832056,2.73823353896708,0.324531406112225,0.00407448159479436,0.405232288317044,75.4233735952836,0.851351351351351,-0.07256169212691,-13.0,0.0509343943540966,-4.00800386771299E-4,7.0,0.246840183820681,0.00960798724901046,13.0,1.45235838836834,1.35645332476424,21.9462854326053,24.2675015744396,24.2410795327841,1.32077678907093,0.0329135160473657,-0.109332123234322,0.740767751342684,0.0245589242456964,0.767769284491944,0.287342524523536,2.67196540353726,0.0480960642683034,0.950745092366358,0.0067886032584797,0.00552382912483125,0.00609345640060845,2.97047276198269,0.063708451429992,0.00264900662251656,0.00605491487141285,,0.0331158091927579,0.464805244391827,0.193297721691334,0.256296622137131,0.344622927524843,3.75058488589156,0.00601349361574217,0.367859721312218,3.85279637963153E-4,,0.864984017317917,0.0,0.0,0.755239921245571,7.56433233085686,0.818512295901476,0.891024584898339,0.700293489857479,0.0998422449215714,0.00718667880367951,,0.150505975267791,0.76537630334663,0.103454976474254,0.569064164171916,0.0998422449215714,-1.64096314112751E9,-0.5,13.3534095117449,21.8348119032236
"002236","2014-03-04",57.859447531433,6.22197437686256,86.6323860983305,4.15548983715384,1.58,56.62,1.38212301626568,1.15,0.79,1.61,0.24,32.24,40.11,34.35,30.42,37.87,146.0,1.59553993190964,12.79,0.433756070642901,63.0950276368296,5.70567940903575,32.99,40.99,35.13,30.52,38.71,1.00491304182428,0.710619436643219,0.20367875044991,61.52,18.29,,55.25,9.31,36.2731264376434,7.40155891346918,0.81,0.8,0.93,0.238993687822717,0.84,0.67491809139062,0.693349656863381,1.37,0.56,1.12,1.36,0.7,0.566243929357099,0.20367875044991,0.182870243950424,0.218973518824986,0.119616160900115,0.182870243950424,0.27893425967977,0.11491408368064,-0.00343241454345541,3.50616193832056,2.73823353896708,0.324531406112225,0.00407448159479436,0.405232288317044,71.5437687553984,0.851351351351351,-0.07256169212691,-15.0,0.0491443677154542,-3.86714750175503E-4,5.0,0.238165289181615,0.00927032635527527,15.0,1.45235838836834,1.35645332476424,21.9462854326053,24.3032777476049,24.2768557059494,1.32077678907093,0.0331827888589042,-0.105731181764367,0.744105651887003,0.0245599442164944,0.767769284491944,0.287342524523536,2.67196540353726,0.0838718445013173,0.986520872599372,0.006983848313201,0.00558718611044326,0.00612429520506842,2.95742767971106,0.0614694962679156,0.00255591054313099,0.00605491487141285,,0.0331158091927579,0.464805244391827,0.193297721691334,0.256296622137131,0.344622927524843,3.75058488589156,0.00601349361574217,0.367859721312218,3.71744492480161E-4,,0.864984017317917,0.0,0.0,0.755239921245571,7.56433233085686,0.818512295901476,0.891024584898339,0.700293489857479,0.0998422449215714,0.00718667880367951,,0.150505975267791,0.76537630334663,0.103454976474254,0.569064164171916,0.0998422449215714,-1.86381155600376E9,-0.333333333333333,22.8168062930138,27.5510133722823
"002236","2014-03-05",57.859447531433,6.22197437686256,86.6323860983305,4.15548983715384,1.58,56.62,1.38212301626568,1.08,0.77,1.14,0.24,31.64,39.96,33.94,30.17,37.63,146.0,1.59553993190964,12.79,0.433756070642901,63.0950276368296,5.70567940903575,32.31,40.87,34.79,30.2,38.53,1.00491304182428,0.710619436643219,0.20367875044991,61.52,18.29,,55.25,9.39,36.5541240489825,7.45889668881771,0.81,0.82,0.95,0.238993687822717,0.84,0.67491809139062,0.693349656863381,1.35,0.57,1.12,1.13,0.71,0.566243929357099,0.20367875044991,0.182870243950424,0.218973518824986,0.119616160900115,0.182870243950424,0.27893425967977,0.11491408368064,-0.00343241454345541,3.50616193832056,2.73823353896708,0.324531406112225,0.00407448159479436,0.405232288317044,72.0979980182392,0.85,-0.073913043478261,-16.0,0.0523290023048738,1.1199721311872E-4,6.0,0.251080281286108,0.00977302845807059,16.0,1.47695719353744,1.35645332476424,21.9462854326053,24.2504699388344,24.224047897179,1.32077678907093,0.0338197689770223,-0.0986150302354797,0.740152787155858,0.024636942526187,0.851160620901183,0.297326794338129,2.86271078526888,0.0310639836561342,0.933713011754189,0.00713989882307006,0.0056775325139018,0.00616514950927622,2.96511003877392,0.0648028034080754,0.00269450993600539,0.00605491487141285,,0.0331158091927579,0.464805244391827,0.193297721691334,0.256296622137131,0.344622927524843,3.75058488589156,0.00601349361574217,0.367859721312218,3.91895185650968E-4,,0.864984017317917,0.0,0.0,0.755239921245571,7.56433233085686,0.818512295901476,0.891024584898339,0.700293489857479,0.0998422449215714,0.00718667880367951,,0.150505975267791,0.76537630334663,0.103454976474254,0.569064164171916,0.0998422449215714,-2.13472662031626E9,-0.333333333333333,19.9506646376336,28.5016763657249
"002236","2014-03-06",57.859447531433,6.22197437686256,86.6323860983305,4.15548983715384,1.58,56.62,1.38212301626568,1.16,0.81,1.12,0.24,30.81,39.78,33.39,29.49,37.35,146.0,1.59553993190964,12.79,0.433756070642901,63.0950276368296,5.70567940903575,31.47,40.74,34.35,29.78,38.32,1.00491304182428,0.710619436643219,0.20367875044991,61.52,18.29,,55.25,8.72,33.9640591096829,6.93039197690951,0.77,0.76,0.93,0.238993687822717,0.84,0.67491809139062,0.693349656863381,1.45,0.58,1.19,1.21,0.73,0.566243929357099,0.20367875044991,0.182870243950424,0.218973518824986,0.119616160900115,0.182870243950424,0.27893425967977,0.11491408368064,-0.00343241454345541,3.50616193832056,2.73823353896708,0.324531406112225,0.00407448159479436,0.405232288317044,66.9894500303158,0.843023255813954,-0.080889787664307,-17.0,0.0513438900467574,-4.71714270562394E-4,5.0,0.249150185540928,0.00969790156818569,17.0,1.44915464271851,1.35645332476424,21.9462854326053,24.258186803165,24.2317647615096,1.30185690421842,0.0331827888589042,-0.0844497188093095,0.735353283187694,0.0246531060160219,0.851414580122193,0.297095052083809,2.86579858584118,3.60719868871362E-4,0.93274455792758,0.00718440385268188,0.00568992110673915,0.00617379704026572,2.96631690750208,0.0643046535155668,0.00267379679144385,0.00605491487141285,,0.0331158091927579,0.464805244391827,0.193297721691334,0.256296622137131,0.344622927524843,3.75058488589156,0.00601349361574217,0.367859721312218,3.88883793929317E-4,,0.864984017317917,0.0,0.0,0.755239921245571,7.56433233085686,0.818512295901476,0.891024584898339,0.700293489857479,0.0998422449215714,0.00718667880367951,,0.150505975267791,0.76537630334663,0.103454976474254,0.569064164171916,0.0998422449215714,-2.21772840584296E9,-0.166666666666667,22.3717382879081,28.7722906797243
"002236","2014-03-07",57.859447531433,6.22197437686256,86.6323860983305,4.15548983715384,1.58,56.62,1.38212301626568,1.22,0.86,1.13,0.24,30.02,39.59,32.83,28.9,37.07,146.0,1.59553993190964,12.79,0.433756070642901,63.0950276368296,5.70567940903575,30.56,40.59,33.87,29.29,38.12,1.00491304182428,0.710619436643219,0.20367875044991,61.52,18.29,,55.25,8.71,33.9029726724353,6.91792724313809,0.75,0.74,0.92,0.238993687822717,0.84,0.67491809139062,0.693349656863381,1.5,0.59,1.25,1.37,0.75,0.566243929357099,0.20367875044991,0.182870243950424,0.218973518824986,0.119616160900115,0.182870243950424,0.27893425967977,0.11491408368064,-0.00343241454345541,3.50616193832056,2.73823353896708,0.324531406112225,0.00407448159479436,0.405232288317044,66.8689654079591,0.843023255813954,-0.080889787664307,-18.0,0.0552593233884526,-5.07686725727584E-4,4.0,0.268150127747646,0.0104374537741049,18.0,1.44915464271851,1.35645332476424,21.9462854326053,24.1846956707554,24.1582736290999,1.31009070914552,0.0338197689770223,-0.0762237355302503,0.724846856570553,0.0252215257263305,0.851414580122193,0.297095052083809,2.86579858584118,-0.0731305591647933,0.834874959015166,0.00745576446034869,0.00581818984971601,0.00623468241086368,2.99940517204709,0.069208461625387,0.00287769784172662,0.00605491487141285,,0.0331158091927579,0.464805244391827,0.193297721691334,0.256296622137131,0.344622927524843,3.75058488589156,0.00601349361574217,0.367859721312218,4.18527268575698E-4,,0.864984017317917,0.0,0.0,0.755239921245571,7.56433233085686,0.818512295901476,0.891024584898339,0.700293489857479,0.0998422449215714,0.00718667880367951,,0.150505975267791,0.76537630334663,0.103454976474254,0.569064164171916,0.0998422449215714,-2.46245200986989E9,-0.333333333333333,17.1532928828103,28.7858618740722
"002236","2014-03-10",57.859447531433,6.22197437686256,86.6323860983305,4.15548983715384,1.58,56.62,1.38212301626568,1.28,0.93,1.31,0.24,29.43,39.42,32.3,28.43,36.82,146.0,1.59553993190964,12.79,0.433756070642901,63.0950276368296,5.70567940903575,29.82,40.45,33.33,28.65,37.93,1.00491304182428,0.710619436643219,0.20367875044991,61.52,18.29,,55.25,8.81,34.3183604457192,7.00268743278374,0.79,0.72,0.9,0.238993687822717,0.84,0.67491809139062,0.693349656863381,1.56,0.6,1.3,1.44,0.78,0.566243929357099,0.20367875044991,0.182870243950424,0.218973518824986,0.119616160900115,0.182870243950424,0.27893425967977,0.11491408368064,-0.00343241454345541,3.50616193832056,2.73823353896708,0.324531406112225,0.00407448159479436,0.405232288317044,67.6882608399846,0.843023255813954,-0.0834473324213401,-19.0,0.0553588897369003,-8.35550716154156E-4,3.0,0.268633281130975,0.00434342265260338,19.0,1.44915464271851,1.35645332476424,21.9462854326053,24.1828954902512,24.1564734485958,1.3331818310992,0.0338197689770223,-0.0490441871365361,0.735440571217724,0.0252171341066855,0.846061048055315,0.298034561092488,2.83880179853624,-0.0209653450855836,0.839268934375042,0.00765762492720123,0.00592229052964292,0.00628635454704462,2.93914732232362,0.0693331615562435,0.00288288288288288,0.00605491487141285,,0.0331158091927579,0.464805244391827,0.193297721691334,0.256296622137131,0.344622927524843,3.75058488589156,0.00601349361574217,0.367859721312218,4.1928105558114E-4,,0.864984017317917,0.0,0.0,0.755239921245571,7.56433233085686,0.818512295901476,0.891024584898339,0.700293489857479,0.0998422449215714,0.00718667880367951,,0.150505975267791,0.76537630334663,0.103454976474254,0.569064164171916,0.0998422449215714,-2.61938276008361E9,-0.333333333333333,17.1282953574901,19.8731363041199
"002236","2014-03-11",57.859447531433,6.22197437686256,86.6323860983305,4.15548983715384,1.58,56.62,1.38212301626568,1.42,1.01,1.56,0.24,29.36,39.28,31.95,28.74,36.61,146.0,1.59553993190964,12.79,0.433756070642901,63.0950276368296,5.70567940903575,29.61,40.34,32.92,28.69,37.76,1.00491304182428,0.710619436643219,0.20367875044991,61.52,18.29,,55.25,9.37,36.4930376117348,7.44643195504629,0.93,0.78,1.01,0.238993687822717,0.84,0.67491809139062,0.693349656863381,1.53,0.62,1.41,1.71,0.81,0.566243929357099,0.20367875044991,0.182870243950424,0.218973518824986,0.119616160900115,0.182870243950424,0.27893425967977,0.11491408368064,-0.00343241454345541,3.50616193832056,2.73823353896708,0.324531406112225,0.00407448159479436,0.405232288317044,71.9775133958825,0.843023255813954,-0.0834473324213401,-21.0,0.0546888284157701,-8.25437250739687E-4,1.0,0.265381756902263,0.00429085007510658,21.0,1.44915464271851,1.35645332476424,21.9462854326053,24.1950732911749,24.1686512495195,1.3277671983977,0.0343822987886779,-0.031213516386231,0.71622080020065,0.0252167042632666,0.769441834859654,0.277193296922176,2.7758313184452,-0.00878768773510326,0.851446591725522,0.00789975581973636,0.0060346513423738,0.00633195277402415,2.83291852292019,0.0684939563255877,0.00284798860804557,0.00605491487141285,,0.0331158091927579,0.464805244391827,0.193297721691334,0.256296622137131,0.344622927524843,3.75058488589156,0.00601349361574217,0.367859721312218,4.14208200073268E-4,,0.864984017317917,0.0,0.0,0.755239921245571,7.56433233085686,0.818512295901476,0.891024584898339,0.700293489857479,0.0998422449215714,0.00718667880367951,,0.150505975267791,0.76537630334663,0.103454976474254,0.569064164171916,0.0998422449215714,-2.78751793562656E9,-0.166666666666667,20.0148651538661,27.1043614289752
"002236","2014-03-12",57.859447531433,6.22197437686256,86.6323860983305,4.15548983715384,1.58,56.62,1.38212301626568,1.25,1.04,1.56,0.24,29.28,39.13,31.61,28.88,36.39,146.0,1.59553993190964,12.79,0.433756070642901,63.0950276368296,5.70567940903575,29.41,40.23,32.53,28.63,37.59,1.00491304182428,0.710619436643219,0.20367875044991,61.52,18.29,,55.25,9.29,36.1631708505976,7.37912239268063,0.94,0.79,0.99,0.238993687822717,0.84,0.67491809139062,0.693349656863381,1.49,0.62,1.41,1.86,0.83,0.566243929357099,0.20367875044991,0.182870243950424,0.218973518824986,0.119616160900115,0.182870243950424,0.27893425967977,0.11491408368064,-0.00343241454345541,3.50616193832056,2.73823353896708,0.324531406112225,0.00407448159479436,0.405232288317044,71.3268964351564,0.843023255813954,-0.0834473324213401,-22.0,0.0514298356276861,-7.7624815444519E-4,0.0,0.249567243099584,0.00403515161063755,22.0,1.44915464271851,1.35645332476424,21.9462854326053,24.2565142822868,24.2300922406313,1.30397463087034,0.0346794426331896,-0.043487721890561,0.715810723032485,0.0254687354067902,0.756170567783296,0.274715843559998,2.75255536041971,0.0192448796894229,0.912887683770259,0.00831855998330444,0.00622401496413431,0.00642819679054677,2.76164666859353,0.0644122943818466,0.00267827251422832,0.00605491487141285,,0.0331158091927579,0.464805244391827,0.193297721691334,0.256296622137131,0.344622927524843,3.75058488589156,0.00601349361574217,0.367859721312218,3.89534500843068E-4,,0.864984017317917,0.0,0.0,0.755239921245571,7.56433233085686,0.818512295901476,0.891024584898339,0.700293489857479,0.0998422449215714,0.00718667880367951,,0.150505975267791,0.76537630334663,0.103454976474254,0.569064164171916,0.0998422449215714,-2.83331007415402E9,-0.166666666666667,26.0660539068253,31.2502619250019
"002236","2014-03-13",57.859447531433,6.22197437686256,86.6323860983305,4.15548983715384,1.58,56.62,1.38212301626568,1.18,1.02,1.65,0.24,29.32,38.98,31.31,29.23,36.18,146.0,1.59553993190964,12.79,0.433756070642901,63.0950276368296,5.70567940903575,29.4,40.11,32.16,29.01,37.42,1.00491304182428,0.710619436643219,0.20367875044991,61.52,18.29,,55.25,9.32,36.2975610125424,7.40654480697775,0.99,0.8,1.07,0.238993687822717,0.84,0.67491809139062,0.693349656863381,1.47,0.63,1.44,1.72,0.85,0.566243929357099,0.20367875044991,0.182870243950424,0.218973518824986,0.119616160900115,0.182870243950424,0.27893425967977,0.11491408368064,-0.00343241454345541,3.50616193832056,2.73823353896708,0.324531406112225,0.00407448159479436,0.405232288317044,71.5919626043411,0.843023255813954,-0.0834473324213401,-22.0,0.051898959128344,-7.83328796394521E-4,-2.0,0.251843701060289,0.00407195873681567,22.0,1.44915464271851,1.35645332476424,21.9462854326053,24.2474340113888,24.2210119697333,1.27781967339349,0.0349076361670131,-0.0425660903549145,0.714995428111424,0.0254755035095339,0.759764211092374,0.275814775426358,2.75461751430075,0.0105052123214404,0.896173307845692,0.00850373746249679,0.00632026218509806,0.00647416207212335,2.75049599711683,0.0649998389589783,0.0027027027027027,0.00605491487141285,,0.0331158091927579,0.464805244391827,0.193297721691334,0.256296622137131,0.344622927524843,3.75058488589156,0.00601349361574217,0.367859721312218,3.93086290459494E-4,,0.864984017317917,0.0,0.0,0.755239921245571,7.56433233085686,0.818512295901476,0.891024584898339,0.700293489857479,0.0998422449215714,0.00718667880367951,,0.150505975267791,0.76537630334663,0.103454976474254,0.569064164171916,0.0998422449215714,-2.7983228106314E9,-0.166666666666667,28.032550055818,37.0896088637583
"002236","2014-03-14",57.859447531433,6.22197437686256,86.6323860983305,4.15548983715384,1.58,56.62,1.38212301626568,1.21,1.07,1.65,0.24,29.59,38.87,31.16,30.02,36.02,146.0,1.59553993190964,12.79,0.433756070642901,63.0950276368296,5.70567940903575,29.52,40.01,31.88,29.74,37.27,1.00491304182428,0.710619436643219,0.20367875044991,61.52,18.29,,55.25,9.85,38.3622825915123,7.82785280845174,1.04,0.85,1.13,0.238993687822717,0.84,0.67491809139062,0.693349656863381,1.58,0.64,1.48,1.8,0.87,0.566243929357099,0.20367875044991,0.182870243950424,0.218973518824986,0.119616160900115,0.182870243950424,0.27893425967977,0.11491408368064,-0.00343241454345541,3.50616193832056,2.73823353896708,0.324531406112225,0.00407448159479436,0.405232288317044,75.664342839997,0.843023255813954,-0.0834473324213401,-22.0,0.051706805459407,-2.93245756999865E-5,-4.0,0.250911260564947,0.00405688248434008,22.0,1.44915464271851,1.35645332476424,21.9462854326053,24.2511433395333,24.2247212978778,1.27962129534012,0.0346794426331896,-0.0431683144463935,0.728549598257127,0.0253570685072298,0.761905132851851,0.276998131514986,2.75057860024096,0.00387973362166738,0.897829143886738,0.00861386241862501,0.00639345532875943,0.00651010933385536,2.71580531832901,0.0647591798446906,0.00269269606193201,0.00605491487141285,,0.0331158091927579,0.464805244391827,0.193297721691334,0.256296622137131,0.344622927524843,3.75058488589156,0.00601349361574217,0.367859721312218,3.91631475312927E-4,,0.864984017317917,0.0,0.0,0.755239921245571,7.56433233085686,0.818512295901476,0.891024584898339,0.700293489857479,0.0998422449215714,0.00718667880367951,,0.150505975267791,0.76537630334663,0.103454976474254,0.569064164171916,0.0998422449215714,-2.74522509172147E9,0.0,38.6904974257723,35.9748338851653
"002236","2014-03-17",57.859447531433,6.22197437686256,86.6323860983305,4.15548983715384,0.97,57.18,1.38212301626568,1.32,1.1,1.75,0.31,29.71,38.75,31.0,30.5,35.83,100.0,1.59553993190964,15.05,0.433756070642901,63.0950276368296,5.70567940903575,29.49,39.92,31.6,30.32,37.09,1.00491304182428,0.710619436643219,0.20367875044991,61.52,17.33,,55.25,8.52,31.4068251381551,6.5652586746805,0.99,0.85,1.1,0.238993687822717,1.02,0.67491809139062,0.693349656863381,1.66,0.66,1.51,1.88,0.9,0.566243929357099,0.20367875044991,0.182870243950424,0.218973518824986,0.119616160900115,0.182870243950424,0.27893425967977,0.11491408368064,-0.00343241454345541,3.50616193832056,2.73823353896708,0.324531406112225,0.00407448159479436,0.405232288317044,99.6385296419388,0.852564102564103,-0.0739064856711911,-22.0,0.049113000220821,1.61394381871044E-4,-4.0,0.237406800999508,0.00383853435062878,22.0,1.45862312559311,1.35645332476424,21.9462854326053,24.306467542973,24.2800455013175,1.2249907548362,0.0349076361670131,-0.0459766659986542,0.742866846188448,0.0255580826176752,0.769839850654862,0.273632995954879,2.81340284993191,0.0151847623150497,0.968657685614498,0.00888950497175784,0.00651215087159659,0.00657686912359655,2.71819917403981,0.0612737335409477,0.00254777070063694,0.00605491487141285,,0.0331158091927579,0.464805244391827,0.193297721691334,0.256296622137131,0.344622927524843,3.75058488589156,0.00601349361574217,0.367859721312218,3.7056103152966E-4,,0.864984017317917,0.0,0.0,0.755239921245571,7.56433233085686,0.818512295901476,0.891024584898339,0.700293489857479,0.0998422449215714,0.00718667880367951,,0.150505975267791,0.76537630334663,0.103454976474254,0.569064164171916,0.0998422449215714,-2.53344465587112E9,0.166666666666667,49.4690681084893,44.0156756274667
"002236","2014-03-18",60.3316028907358,5.96702197108838,94.3108731484507,3.81716325999166,0.97,57.18,1.37313675874939,1.31,1.08,1.66,0.31,29.79,38.62,30.78,30.48,35.63,100.0,1.59682656699345,15.05,0.42821248177065,58.2634206032696,6.1788339282606,29.54,39.82,31.27,30.39,36.91,0.943460772597167,0.622244636791156,0.208894470112593,61.52,17.33,,55.25,8.31,30.6264683986785,6.40213349947869,1.02,0.82,1.01,0.272370362148832,1.02,0.774139823902657,0.491206165657192,1.65,0.67,1.51,1.6,0.92,0.571787518229349,0.208894470112593,0.173346230021286,0.204113904511442,0.104350162179033,0.173346230021286,0.259852953854572,0.128146063551825,-0.0038747395709134,2.83019980159034,2.28848822204098,0.44466816045284,0.00755147896780663,0.194968967824675,97.1628385214388,0.873287671232877,-0.0531829170024171,-21.0,0.0487517300984622,-8.47509118802348E-4,-7.0,0.233630618534455,-0.00302777361703929,19.0,0.491211080217496,1.28869211204343,22.5196011318211,24.2933242218584,24.266902180203,1.24486530560584,0.0349754702222922,-0.0466181564764721,0.738178235488406,0.0255328871324595,0.769839850654862,0.273632995954879,2.81340284993191,0.00204139952013005,0.955514322819578,0.0092274755232794,0.00666377350358867,0.00663838076693073,2.60778729233295,0.120658575745739,0.0,0.00292661012656835,,0.0280678226877259,0.47750873638856,0.187496537341868,0.271108276892888,0.403526977248137,3.11232220760349,0.00601773565289725,0.307529306396003,7.29954070344599E-4,,-0.260291485111946,0.0,0.0,0.692470693603997,7.3507862939061,0.986728198844629,0.552544645019463,0.615244740405697,0.0942036220231384,0.00559514946600541,,0.141495760736893,0.729722124537558,0.0658907623212971,0.384923843943624,0.0942036220231384,-2.34770023255597E9,0.166666666666667,55.6219051956673,57.2914098087566
"002236","2014-03-19",60.3316028907358,5.96702197108838,94.3108731484507,3.81716325999166,0.97,57.18,1.37313675874939,1.31,1.09,1.42,0.31,29.73,38.48,30.5,30.24,35.41,100.0,1.59682656699345,15.05,0.42821248177065,58.2634206032696,6.1788339282606,29.49,39.7,30.91,30.35,36.71,0.943460772597167,0.622244636791156,0.208894470112593,61.52,17.33,,55.25,8.08,29.7954391436515,6.22841578043261,0.98,0.8,0.99,0.272370362148832,1.02,0.774139823902657,0.491206165657192,1.74,0.68,1.54,1.62,0.94,0.571787518229349,0.208894470112593,0.173346230021286,0.204113904511442,0.104350162179033,0.173346230021286,0.259852953854572,0.128146063551825,-0.0038747395709134,2.83019980159034,2.28848822204098,0.44466816045284,0.00755147896780663,0.194968967824675,94.5263882372701,0.871621621621622,-0.0117117117117109,-22.0,0.0495204702799737,-0.00139409929056575,-8.0,0.236185520445169,-0.0112601694796928,18.0,1.38586062236249,0.472661890657637,22.5196011318211,24.2681636069034,24.2417415652479,1.21884413662063,0.0349754702222922,-0.048535249106301,0.732522293765543,0.0252024981911916,0.768259130628638,0.274004996752983,2.80381430898221,-0.0449755390091072,0.930353564336927,0.00933773424048709,0.00674638830041153,0.00667048708389955,2.58923592076137,0.123732933896772,0.0,0.00292661012656835,,0.0280678226877259,0.47750873638856,0.187496537341868,0.271108276892888,0.403526977248137,3.11232220760349,0.00601773565289725,0.307529306396003,7.48539242638767E-4,,-0.260291485111946,0.0,0.0,0.692470693603997,7.3507862939061,0.986728198844629,0.552544645019463,0.615244740405697,0.0942036220231384,0.00559514946600541,,0.141495760736893,0.729722124537558,0.0658907623212971,0.384923843943624,0.0942036220231384,-2.21931588461703E9,0.0,50.0953796915642,59.1385484545617
"002236","2014-03-20",60.3316028907358,5.96702197108838,94.3108731484507,3.81716325999166,0.97,57.18,1.37313675874939,1.33,1.09,1.33,0.31,29.58,38.31,30.16,29.66,35.15,100.0,1.59682656699345,15.05,0.42821248177065,58.2634206032696,6.1788339282606,29.52,39.57,30.5,30.03,36.46,0.943460772597167,0.622244636791156,0.208894470112593,61.52,17.33,,55.25,7.73,28.4880882424505,5.95512814925037,1.01,0.78,0.95,0.272370362148832,1.02,0.774139823902657,0.491206165657192,1.65,0.68,1.55,1.58,0.94,0.571787518229349,0.208894470112593,0.173346230021286,0.204113904511442,0.104350162179033,0.173346230021286,0.259852953854572,0.128146063551825,-0.0038747395709134,2.83019980159034,2.28848822204098,0.44466816045284,0.00755147896780663,0.194968967824675,90.3788018146143,0.871621621621622,-0.0117117117117109,-22.0,0.0509016534646533,-0.00143298233200329,-10.0,0.242773007750102,-0.0115742286284461,16.0,0.477089236990257,1.25623206553284,22.5196011318211,24.2406543244034,24.214232282748,1.23213203094756,0.0352739068822339,-0.0499182472986704,0.735581849018068,0.0252777523506649,0.76538777226625,0.272303168091257,2.81079275585125,-0.0506285597607834,0.882224691069097,0.00953243699133998,0.00682112397366776,0.00670710316177612,2.5690718391283,0.127183988515662,0.0,0.00292661012656835,,0.0280678226877259,0.47750873638856,0.187496537341868,0.271108276892888,0.403526977248137,3.11232220760349,0.00601773565289725,0.307529306396003,7.69400804512015E-4,,-0.260291485111946,0.0,0.0,0.692470693603997,7.3507862939061,0.986728198844629,0.552544645019463,0.615244740405697,0.0942036220231384,0.00559514946600541,,0.141495760736893,0.729722124537558,0.0658907623212971,0.384923843943624,0.0942036220231384,-2.20703929913951E9,-0.166666666666667,40.6863249983315,59.0843283926742
"002236","2014-03-21",60.3316028907358,5.96702197108838,94.3108731484507,3.81716325999166,0.97,57.18,1.37313675874939,1.26,1.11,1.35,0.31,29.67,38.17,29.92,29.44,34.93,100.0,1.59682656699345,15.05,0.42821248177065,58.2634206032696,6.1788339282606,29.7,39.45,30.14,29.65,36.24,0.943460772597167,0.622244636791156,0.208894470112593,61.52,17.33,,55.25,8.11,29.8967841747524,6.24960086812116,1.06,0.8,0.94,0.272370362148832,1.02,0.774139823902657,0.491206165657192,1.63,0.69,1.56,1.46,0.96,0.571787518229349,0.208894470112593,0.173346230021286,0.204113904511442,0.104350162179033,0.173346230021286,0.259852953854572,0.128146063551825,-0.0038747395709134,2.83019980159034,2.28848822204098,0.44466816045284,0.00755147896780663,0.194968967824675,94.8479065646077,0.873287671232877,-0.010045662100456,-22.0,0.053237588468901,-0.00149874352760217,-12.0,0.253914138308538,-0.0121053831973075,14.0,0.477089236990257,0.472661890657637,22.5196011318211,24.1957850349772,24.1693629933218,1.23183207593856,0.0353067420862199,-0.0557619475090919,0.751196932669867,0.0251989372498893,0.784317455985195,0.277325430580867,2.82814833945237,-0.105767748530286,0.847818153759428,0.00962265815982942,0.00684740283180107,0.00673457282502172,2.58098033136238,0.133020606985431,0.0,0.00292661012656835,,0.0280678226877259,0.47750873638856,0.187496537341868,0.271108276892888,0.403526977248137,3.11232220760349,0.00601773565289725,0.307529306396003,8.0468107381468E-4,,-0.260291485111946,0.0,0.0,0.692470693603997,7.3507862939061,0.986728198844629,0.552544645019463,0.615244740405697,0.0942036220231384,0.00559514946600541,,0.141495760736893,0.729722124537558,0.0658907623212971,0.384923843943624,0.0942036220231384,-2.22695952366231E9,-0.166666666666667,42.0040837910308,58.8031657634018
"002236","2014-03-24",60.3316028907358,5.96702197108838,94.3108731484507,3.81716325999166,0.97,57.18,1.37313675874939,1.19,1.1,1.15,0.31,29.78,38.04,29.76,29.42,34.73,100.0,1.59682656699345,15.05,0.42821248177065,58.2634206032696,6.1788339282606,29.87,39.33,29.85,29.42,36.04,0.943460772597167,0.622244636791156,0.208894470112593,61.52,17.33,,55.25,8.21,30.2717607898255,6.32798569256878,1.06,0.84,0.96,0.272370362148832,1.02,0.774139823902657,0.491206165657192,1.55,0.69,1.56,1.23,0.97,0.571787518229349,0.208894470112593,0.173346230021286,0.204113904511442,0.104350162179033,0.173346230021286,0.259852953854572,0.128146063551825,-0.0038747395709134,2.83019980159034,2.28848822204098,0.44466816045284,0.00755147896780663,0.194968967824675,96.0375243757571,0.873287671232877,-0.010045662100456,-22.0,0.050729105486807,-0.00142812476477616,-14.0,0.241950048401797,-0.0115349939551293,12.0,1.38586062236249,0.472661890657637,22.5196011318211,24.2440499134045,24.2176278717491,1.25361091740043,0.0353067420862199,-0.0607674411979923,0.771651000323422,0.0252753092193188,0.784317455985195,0.277325430580867,2.82814833945237,-0.125686063043149,0.934768283373254,0.00980986034310284,0.00690881064721406,0.00676665354789091,2.59229902718039,0.126752856351202,0.0,0.00292661012656835,,0.0280678226877259,0.47750873638856,0.187496537341868,0.271108276892888,0.403526977248137,3.11232220760349,0.00601773565289725,0.307529306396003,7.66794666098188E-4,,-0.260291485111946,0.0,0.0,0.692470693603997,7.3507862939061,0.986728198844629,0.552544645019463,0.615244740405697,0.0942036220231384,0.00559514946600541,,0.141495760736893,0.729722124537558,0.0658907623212971,0.384923843943624,0.0942036220231384,-2.12478106779857E9,-0.166666666666667,48.0978736314665,58.2905135719838
"002236","2014-03-25",60.3316028907358,5.96702197108838,94.3108731484507,3.81716325999166,0.97,57.18,1.37313675874939,1.09,1.08,0.87,0.31,29.67,37.89,29.65,29.24,34.52,100.0,1.59682656699345,15.05,0.42821248177065,58.2634206032696,6.1788339282606,29.79,39.2,29.71,29.19,35.83,0.943460772597167,0.622244636791156,0.208894470112593,61.52,17.33,,55.25,8.0,29.4711350441288,6.16062349982927,0.97,0.91,0.96,0.272370362148832,1.02,0.774139823902657,0.491206165657192,1.36,0.69,1.45,1.13,0.98,0.571787518229349,0.208894470112593,0.173346230021286,0.204113904511442,0.104350162179033,0.173346230021286,0.259852953854572,0.128146063551825,-0.0038747395709134,2.83019980159034,2.28848822204098,0.44466816045284,0.00755147896780663,0.194968967824675,93.4975295897896,0.873287671232877,-0.00171232876712302,-21.0,0.0501007235306597,-0.00141043456849337,-17.0,0.238953010641212,-0.0113921098652934,9.0,1.38586062236249,0.472661890657637,22.5196011318211,24.2565142822868,24.2300922406313,1.27838059423619,0.0351664873768256,-0.0597278779462931,0.772112469744151,0.0252212408409045,0.784317455985195,0.277325430580867,2.82814833945237,-0.11322195252019,0.947232393896213,0.009916602951085,0.00690642291612876,0.00677915312450198,2.59335845492129,0.1251827674041,0.0,0.00292661012656835,,0.0280678226877259,0.47750873638856,0.187496537341868,0.271108276892888,0.403526977248137,3.11232220760349,0.00601773565289725,0.307529306396003,7.57303565702726E-4,,-0.260291485111946,0.0,0.0,0.692470693603997,7.3507862939061,0.986728198844629,0.552544645019463,0.615244740405697,0.0942036220231384,0.00559514946600541,,0.141495760736893,0.729722124537558,0.0658907623212971,0.384923843943624,0.0942036220231384,-2.09770126471518E9,0.0,61.1410199658308,64.1128511747819
"002236","2014-03-26",60.3316028907358,5.96702197108838,94.3108731484507,3.81716325999166,0.97,57.18,1.37313675874939,0.88,0.96,0.74,0.31,29.63,37.74,29.57,29.25,34.3,100.0,1.59682656699345,15.05,0.42821248177065,58.2634206032696,6.1788339282606,29.77,39.06,29.6,29.18,35.61,0.943460772597167,0.622244636791156,0.208894470112593,61.52,17.33,,55.25,8.06,29.7244976218809,6.21358621905063,0.99,0.93,1.0,0.272370362148832,1.02,0.774139823902657,0.491206165657192,1.29,0.69,1.39,0.95,0.98,0.571787518229349,0.208894470112593,0.173346230021286,0.204113904511442,0.104350162179033,0.173346230021286,0.259852953854572,0.128146063551825,-0.0038747395709134,2.83019980159034,2.28848822204098,0.44466816045284,0.00755147896780663,0.194968967824675,94.3013254081337,0.873287671232877,-0.00171232876712302,-22.0,0.051461781700853,-0.00144875105092493,-18.0,0.245444512649691,-0.0117015929049627,8.0,0.477089236990257,1.25623206553284,22.5196011318211,24.2297103027241,24.2032882610686,1.25571356695299,0.0354321041554877,-0.0618750129317988,0.793562093956833,0.0251717134828522,0.739731734332397,0.263746443385701,2.80470790368391,-0.174757311092664,0.920428114509659,0.00998565632062631,0.00693275580043832,0.00679230782700412,2.5933618765143,0.128583537220098,0.0,0.00292661012656835,,0.0280678226877259,0.47750873638856,0.187496537341868,0.271108276892888,0.403526977248137,3.11232220760349,0.00601773565289725,0.307529306396003,7.77860802506896E-4,,-0.260291485111946,0.0,0.0,0.692470693603997,7.3507862939061,0.986728198844629,0.552544645019463,0.615244740405697,0.0942036220231384,0.00559514946600541,,0.141495760736893,0.729722124537558,0.0658907623212971,0.384923843943624,0.0942036220231384,-2.10455468995598E9,0.0,56.6300376431527,63.8110960944673
"002236","2014-03-27",60.3316028907358,5.96702197108838,94.3108731484507,3.81716325999166,0.97,57.18,1.37313675874939,0.81,0.91,0.55,0.31,29.43,37.58,29.47,29.11,34.07,100.0,1.59682656699345,15.05,0.42821248177065,58.2634206032696,6.1788339282606,29.64,38.92,29.53,29.24,35.37,0.943460772597167,0.622244636791156,0.208894470112593,61.52,17.33,,55.25,7.81,28.792123335753,6.01868341231601,0.96,0.95,1.01,0.272370362148832,1.02,0.774139823902657,0.491206165657192,1.22,0.69,1.34,0.86,0.98,0.571787518229349,0.208894470112593,0.173346230021286,0.204113904511442,0.104350162179033,0.173346230021286,0.259852953854572,0.128146063551825,-0.0038747395709134,2.83019980159034,2.28848822204098,0.44466816045284,0.00755147896780663,0.194968967824675,91.3433567966273,0.871527777777778,0.016982323232323,-20.0,0.0510274330957053,-0.00140021444282263,-18.0,0.243352418269792,-0.0121051264534409,6.0,0.477213602782458,0.472661890657637,22.5196011318211,24.2382705330481,24.2118484913927,1.27751161548715,0.0358521785237229,-0.0601520024723278,0.793631038247344,0.025172759022896,0.754772544871324,0.26954124783599,2.80021165936942,-0.174373263358983,0.904008149799051,0.0100372360911201,0.00696030827588085,0.00679568294762754,2.60347792269835,0.127487530254363,0.0,0.00292661012656835,,0.0280678226877259,0.47750873638856,0.187496537341868,0.271108276892888,0.403526977248137,3.11232220760349,0.00601773565289725,0.307529306396003,7.71235667078052E-4,,-0.260291485111946,0.0,0.0,0.692470693603997,7.3507862939061,0.986728198844629,0.552544645019463,0.615244740405697,0.0942036220231384,0.00559514946600541,,0.141495760736893,0.729722124537558,0.0658907623212971,0.384923843943624,0.0942036220231384,-2.04234365672168E9,0.0,56.237378194326,67.2509439817249
"002236","2014-03-28",60.3316028907358,5.96702197108838,94.3108731484507,3.81716325999166,0.97,57.18,1.37313675874939,0.75,0.87,0.46,0.31,29.14,37.42,29.35,28.8,33.84,100.0,1.59682656699345,15.05,0.42821248177065,58.2634206032696,6.1788339282606,29.32,38.78,29.43,28.98,35.14,0.943460772597167,0.622244636791156,0.208894470112593,61.52,17.33,,55.25,7.75,28.5691642673312,5.9720762194012,0.9,0.93,0.96,0.272370362148832,1.02,0.774139823902657,0.491206165657192,1.08,0.69,1.33,0.71,0.99,0.571787518229349,0.208894470112593,0.173346230021286,0.204113904511442,0.104350162179033,0.173346230021286,0.259852953854572,0.128146063551825,-0.0038747395709134,2.83019980159034,2.28848822204098,0.44466816045284,0.00755147896780663,0.194968967824675,90.6360164764845,0.87109375,0.0165482954545449,-18.0,0.0527949505555277,-0.00133045959248449,-18.0,0.25153845212314,-0.0121915650092932,4.0,1.39127470669376,1.25897620160184,22.5196011318211,24.2064008459249,24.1799788042694,1.28473766057889,0.0358521785237229,-0.0624028044275377,0.797659338246971,0.0252263788776781,0.749237442293019,0.266721906521053,2.80905851366161,-0.200799722523459,0.861531871284189,0.0100705257484851,0.00697170842109729,0.00680213277749368,2.60528273999817,0.13161595432455,0.0,0.00292661012656835,,0.0280678226877259,0.47750873638856,0.187496537341868,0.271108276892888,0.403526977248137,3.11232220760349,0.00601773565289725,0.307529306396003,7.96190678944097E-4,,-0.260291485111946,0.0,0.0,0.692470693603997,7.3507862939061,0.986728198844629,0.552544645019463,0.615244740405697,0.0942036220231384,0.00559514946600541,,0.141495760736893,0.729722124537558,0.0658907623212971,0.384923843943624,0.0942036220231384,-2.03289568839161E9,-0.166666666666667,41.960338683574,70.1719258966881
"002236","2014-03-31",60.3316028907358,5.96702197108838,94.3108731484507,3.81716325999166,0.97,57.18,1.37313675874939,0.6,0.85,0.27,0.31,28.96,37.27,29.24,28.64,33.63,100.0,1.59682656699345,15.05,0.42821248177065,58.2634206032696,6.1788339282606,29.08,38.64,29.29,28.72,34.92,0.943460772597167,0.622244636791156,0.208894470112593,61.52,17.33,,55.25,7.86,28.9745443917346,6.05681657015539,0.92,0.91,0.96,0.272370362148832,1.02,0.774139823902657,0.491206165657192,0.91,0.69,1.28,0.59,0.99,0.571787518229349,0.208894470112593,0.173346230021286,0.204113904511442,0.104350162179033,0.173346230021286,0.259852953854572,0.128146063551825,-0.0038747395709134,2.83019980159034,2.28848822204098,0.44466816045284,0.00755147896780663,0.194968967824675,91.9220897858351,0.86875,0.014204545454545,-16.0,0.0531501535743253,-0.00139766133539532,-18.0,0.252501939209406,-0.0132862759992648,2.0,0.478860171810482,0.468639189235624,22.5196011318211,24.1986269551848,24.1722049135293,1.28575679757359,0.0358521785237229,-0.0554931163685349,0.796088537595129,0.025106023247982,0.809571282191116,0.281370141201493,2.8772466002758,-0.206848538129694,0.859151427752328,0.0101214152901846,0.00699754401232232,0.00681855456004418,2.61242714763763,0.132643109697072,0.0,0.00292661012656835,,0.0280678226877259,0.47750873638856,0.187496537341868,0.271108276892888,0.403526977248137,3.11232220760349,0.00601773565289725,0.307529306396003,8.02399313195244E-4,,-0.260291485111946,0.0,0.0,0.692470693603997,7.3507862939061,0.986728198844629,0.552544645019463,0.615244740405697,0.0942036220231384,0.00559514946600541,,0.141495760736893,0.729722124537558,0.0658907623212971,0.384923843943624,0.0942036220231384,-1.91282145235322E9,-0.166666666666667,42.192704165793,65.7328213508205
"002236","2014-04-01",60.3316028907358,5.96702197108838,94.3108731484507,3.81716325999166,0.97,57.18,1.37313675874939,0.45,0.81,0.21,0.31,28.84,37.12,29.18,28.6,33.42,100.0,1.59682656699345,15.21,0.42821248177065,58.2634206032696,6.1788339282606,28.92,38.5,29.24,28.64,34.7,0.943460772597167,0.622244636791156,0.208894470112593,53.37,17.33,,46.33,7.88,29.0353514103951,6.06952762276852,0.95,0.96,0.98,0.272370362148832,1.02,0.774139823902657,0.491206165657192,0.85,0.7,1.25,0.57,1.0,0.571787518229349,0.208894470112593,0.173346230021286,0.204113904511442,0.104350162179033,0.173346230021286,0.259852953854572,0.128146063551825,-0.0038747395709134,2.83019980159034,2.28848822204098,0.44466816045284,0.00755147896780663,0.194968967824675,92.1150007822377,0.86875,0.017398648648649,-13.0,0.0524065347765034,-0.00139614831176934,-17.0,0.248969208335542,-0.0117713845775241,-1.0,0.478860171810482,1.25006897541963,22.5196011318211,24.212716656393,24.1862946147375,1.28575679757359,0.0358521785237229,-0.0540978637763351,0.795751322076251,0.0250606545533165,0.819201569402717,0.284582896920666,2.87860436543061,-0.192758416547125,0.873241549334898,0.0100888586002868,0.00697165833169699,0.00680646536611861,2.61231260274043,0.130787312429537,0.0,0.00292661012656835,,0.0280678226877259,0.47750873638856,0.187496537341868,0.271108276892888,0.403526977248137,3.11232220760349,0.00601773565289725,0.307529306396003,7.91181901941232E-4,,-0.260291485111946,0.0,0.0,0.692470693603997,7.3507862939061,0.986728198844629,0.552544645019463,0.615244740405697,0.0942036220231384,0.00559514946600541,,0.141495760736893,0.729722124537558,0.0658907623212971,0.384923843943624,0.0942036220231384,-1.7156157196971E9,-0.166666666666667,43.9914860966954,60.7510193516164
"002236","2014-04-02",60.3316028907358,5.96702197108838,94.3108731484507,3.81716325999166,0.97,57.18,1.37313675874939,0.38,0.76,0.18,0.31,28.73,36.96,29.09,28.43,33.21,100.0,1.59682656699345,15.21,0.42821248177065,58.2634206032696,6.1788339282606,28.81,38.36,29.16,28.43,34.49,0.943460772597167,0.622244636791156,0.208894470112593,53.37,17.33,,46.33,7.78,28.6603747953219,5.9911427983209,0.96,0.94,0.96,0.272370362148832,1.02,0.774139823902657,0.491206165657192,0.77,0.7,1.25,0.59,1.0,0.571787518229349,0.208894470112593,0.173346230021286,0.204113904511442,0.104350162179033,0.173346230021286,0.259852953854572,0.128146063551825,-0.0038747395709134,2.83019980159034,2.28848822204098,0.44466816045284,0.00755147896780663,0.194968967824675,90.9253829710884,0.86875,0.017398648648649,-12.0,0.0522967828712122,-0.00139322444095935,-18.0,0.248447806852117,-0.0117467324632256,-2.0,0.478860171810482,1.25006897541963,22.5196011318211,24.2148130932195,24.1883910515641,1.28375879491092,0.0354321041554877,-0.0532897753795737,0.799194427655178,0.0249526455321595,0.835126049854161,0.289428475353443,2.88543153480087,-0.170459278752762,0.875337824066896,0.0100518869606902,0.00697422324717698,0.00681845128596667,2.60490908607725,0.130513412298794,0.0,0.00292661012656835,,0.0280678226877259,0.47750873638856,0.187496537341868,0.271108276892888,0.403526977248137,3.11232220760349,0.00601773565289725,0.307529306396003,7.89526284678334E-4,,-0.260291485111946,0.0,0.0,0.692470693603997,7.3507862939061,0.986728198844629,0.552544645019463,0.615244740405697,0.0942036220231384,0.00559514946600541,,0.141495760736893,0.729722124537558,0.0658907623212971,0.384923843943624,0.0942036220231384,-1.53998580625447E9,-0.166666666666667,32.1197167244408,58.8686060388463
"002236","2014-04-03",60.3316028907358,5.96702197108838,94.3108731484507,3.81716325999166,0.97,57.18,1.37313675874939,0.33,0.77,0.25,0.31,28.86,36.81,29.15,28.71,33.02,100.0,1.59682656699345,15.21,0.42821248177065,58.2634206032696,6.1788339282606,28.93,38.22,29.24,28.61,34.26,0.943460772597167,0.622244636791156,0.208894470112593,53.37,17.33,,46.33,8.07,29.734632124991,6.21570472781949,1.04,1.05,1.03,0.272370362148832,1.02,0.774139823902657,0.491206165657192,0.78,0.7,1.21,0.69,1.0,0.571787518229349,0.208894470112593,0.173346230021286,0.204113904511442,0.104350162179033,0.173346230021286,0.259852953854572,0.128146063551825,-0.0038747395709134,2.83019980159034,2.28848822204098,0.44466816045284,0.00755147896780663,0.194968967824675,94.3334772408675,0.86875,0.017398648648649,-10.0,0.0529810052779431,-0.00141145262494644,-18.0,0.251698361609376,-0.0119004202641942,-4.0,1.3887211155179,1.25006897541963,22.5196011318211,24.2018144910871,24.1753924494317,1.2528416922762,0.0354321041554877,-0.0534485609034061,0.796588888003075,0.0249736634833778,0.860837748626204,0.299962068149086,2.86982202095751,-0.139639601036663,0.862339490710197,0.0100734675500366,0.00697347384441896,0.00682179099752092,2.60083596989477,0.132220978159847,0.0,0.00292661012656835,,0.0280678226877259,0.47750873638856,0.187496537341868,0.271108276892888,0.403526977248137,3.11232220760349,0.00601773565289725,0.307529306396003,7.99847751086623E-4,,-0.260291485111946,0.0,0.0,0.692470693603997,7.3507862939061,0.986728198844629,0.552544645019463,0.615244740405697,0.0942036220231384,0.00559514946600541,,0.141495760736893,0.729722124537558,0.0658907623212971,0.384923843943624,0.0942036220231384,-1.27126601319955E9,-0.166666666666667,32.287699722455,52.9542801053929
"002236","2014-04-04",60.3316028907358,5.96702197108838,94.3108731484507,3.81716325999166,0.97,57.18,1.37313675874939,0.32,0.73,0.33,0.31,29.0,36.68,29.26,29.15,32.85,100.0,1.59682656699345,15.21,0.42821248177065,58.2634206032696,6.1788339282606,28.99,38.08,29.35,28.98,34.05,0.943460772597167,0.622244636791156,0.208894470112593,53.37,17.33,,46.33,8.25,30.4237783364768,6.3597633241016,1.02,1.08,1.06,0.272370362148832,1.02,0.774139823902657,0.491206165657192,0.74,0.71,1.18,0.76,1.01,0.571787518229349,0.208894470112593,0.173346230021286,0.204113904511442,0.104350162179033,0.173346230021286,0.259852953854572,0.128146063551825,-0.0038747395709134,2.83019980159034,2.28848822204098,0.44466816045284,0.00755147896780663,0.194968967824675,96.5198018667635,0.878048780487805,0.028048780487805,-8.0,0.0509218115149357,-0.00203142905874204,-20.0,0.242604964768683,-0.0114704800637837,-6.0,0.474658531597508,0.468639189235624,22.5196011318211,24.2386114227736,24.2121893811182,1.23254898900843,0.035572358864882,-0.0572941162131146,0.790167682234707,0.0251189397553345,0.855517082350083,0.295044621855013,2.89961930833123,-0.121083420110595,0.899136306988388,0.0100842036280672,0.00700407566662733,0.0068380569781508,2.60567049113996,0.127444078471727,0.0,0.00292661012656835,,0.0280678226877259,0.47750873638856,0.187496537341868,0.271108276892888,0.403526977248137,3.11232220760349,0.00601773565289725,0.307529306396003,7.70973008228292E-4,,-0.260291485111946,0.0,0.0,0.692470693603997,7.3507862939061,0.986728198844629,0.552544645019463,0.615244740405697,0.0942036220231384,0.00559514946600541,,0.141495760736893,0.729722124537558,0.0658907623212971,0.384923843943624,0.0942036220231384,-1.02468057058125E9,0.0,44.458513255235,49.2941815076573
"002236","2014-04-08",60.3316028907358,5.96702197108838,94.3108731484507,3.81716325999166,0.97,57.18,1.37313675874939,0.29,0.7,0.44,0.31,29.21,36.56,29.4,29.65,32.7,100.0,1.59682656699345,15.21,0.42821248177065,58.2634206032696,6.1788339282606,29.06,37.95,29.48,29.39,33.86,0.943460772597167,0.622244636791156,0.208894470112593,53.37,17.33,,46.33,8.43,31.0723865355223,6.4953478853083,1.03,1.09,1.07,0.272370362148832,1.02,0.774139823902657,0.491206165657192,0.75,0.71,1.15,0.91,1.02,0.571787518229349,0.208894470112593,0.173346230021286,0.204113904511442,0.104350162179033,0.173346230021286,0.259852953854572,0.128146063551825,-0.0038747395709134,2.83019980159034,2.28848822204098,0.44466816045284,0.00755147896780663,0.194968967824675,98.5775191617245,0.878048780487805,0.035025524673851,-6.0,0.0497683527597672,-0.00140450500835342,-20.0,0.237109582488779,-0.0112106557318925,-8.0,1.38193443825939,1.25006897541963,22.5196011318211,24.2615234762641,24.2351014346086,1.2049847225037,0.0369399044902874,-0.0574225011161568,0.793770570079095,0.025082359528082,0.855517082350083,0.295044621855013,2.89961930833123,-0.0981717221151694,0.911290541474766,0.0103681781967723,0.00703973545379307,0.00684855769000953,2.6043131890379,0.124557270564972,0.0,0.00292661012656835,,0.0280678226877259,0.47750873638856,0.187496537341868,0.271108276892888,0.403526977248137,3.11232220760349,0.00601773565289725,0.307529306396003,7.53522421862857E-4,,-0.260291485111946,0.0,0.0,0.692470693603997,7.3507862939061,0.986728198844629,0.552544645019463,0.615244740405697,0.0942036220231384,0.00559514946600541,,0.141495760736893,0.729722124537558,0.0658907623212971,0.384923843943624,0.0942036220231384,-6.68353094575745E8,0.166666666666667,53.9743315740473,43.253239504679
"002236","2014-04-09",60.3316028907358,5.96702197108838,94.3108731484507,3.81716325999166,0.97,57.18,1.37313675874939,0.28,0.65,0.54,0.31,29.42,36.43,29.48,30.01,32.57,100.0,1.59682656699345,15.21,0.42821248177065,58.2634206032696,6.1788339282606,29.21,37.83,29.51,29.77,33.68,0.943460772597167,0.622244636791156,0.208894470112593,53.37,17.33,,46.33,8.4,30.9507724982013,6.46992578008204,1.05,1.02,1.07,0.272370362148832,1.02,0.774139823902657,0.491206165657192,0.76,0.71,1.06,0.94,1.03,0.571787518229349,0.208894470112593,0.173346230021286,0.204113904511442,0.104350162179033,0.173346230021286,0.259852953854572,0.128146063551825,-0.0038747395709134,2.83019980159034,2.28848822204098,0.44466816045284,0.00755147896780663,0.194968967824675,98.1916971689193,0.875,0.031976744186046,-3.0,0.048838732828594,-0.00126593743229912,-19.0,0.233194442770031,-0.00994233320467768,-11.0,0.477964664361496,1.26009338891269,22.5196011318211,24.2826185235024,24.256196481847,1.24175897948848,0.0388890931867203,-0.0586745982879225,0.799122491292245,0.0250863974537483,0.837721501314318,0.291620577113646,2.87264194319132,-0.11287911980108,0.932385712063397,0.0104778961750202,0.00707072091818079,0.00687132992724913,2.5952360065108,0.121957249261594,0.0,0.00292661012656835,,0.0280678226877259,0.47750873638856,0.187496537341868,0.271108276892888,0.403526977248137,3.11232220760349,0.00601773565289725,0.307529306396003,7.37804922177303E-4,,-0.260291485111946,0.0,0.0,0.692470693603997,7.3507862939061,0.986728198844629,0.552544645019463,0.615244740405697,0.0942036220231384,0.00559514946600541,,0.141495760736893,0.729722124537558,0.0658907623212971,0.384923843943624,0.0942036220231384,-2.74167223801688E8,0.333333333333333,67.8321738614989,53.9011641766957
"002236","2014-04-10",60.3316028907358,5.96702197108838,94.3108731484507,3.81716325999166,0.97,57.18,1.37313675874939,0.27,0.54,0.54,0.31,29.52,36.31,29.52,30.18,32.42,100.0,1.59682656699345,15.21,0.42821248177065,58.2634206032696,6.1788339282606,29.28,37.7,29.53,30.12,33.49,0.943460772597167,0.622244636791156,0.208894470112593,53.37,17.33,,46.33,8.25,30.4136438333667,6.35764481533275,1.02,1.01,1.06,0.272370362148832,1.02,0.774139823902657,0.491206165657192,0.78,0.71,1.03,0.97,1.03,0.571787518229349,0.208894470112593,0.173346230021286,0.204113904511442,0.104350162179033,0.173346230021286,0.259852953854572,0.128146063551825,-0.0038747395709134,2.83019980159034,2.28848822204098,0.44466816045284,0.00755147896780663,0.194968967824675,96.4876500340298,0.875,0.031976744186046,-1.0,0.0490306335469775,-0.00127091164617849,-19.0,0.234110727417457,-0.00998139934693575,-13.0,0.477964664361496,1.26009338891269,22.5196011318211,24.2786969498492,24.2522749081938,1.23006410882983,0.0388890931867203,-0.0578677670679842,0.79815416736675,0.0250860561254709,0.837721501314318,0.291620577113646,2.87264194319132,-0.109361054138076,0.919859882713244,0.0105472402365826,0.00710101065226553,0.00689202772384068,2.59196341725009,0.122436452598574,0.0,0.00292661012656835,,0.0280678226877259,0.47750873638856,0.187496537341868,0.271108276892888,0.403526977248137,3.11232220760349,0.00601773565289725,0.307529306396003,7.40701811877636E-4,,-0.260291485111946,0.0,0.0,0.692470693603997,7.3507862939061,0.986728198844629,0.552544645019463,0.615244740405697,0.0942036220231384,0.00559514946600541,,0.141495760736893,0.729722124537558,0.0658907623212971,0.384923843943624,0.0942036220231384,-9.14890041601995E7,0.166666666666667,58.8434879359621,65.0058152384127
"002236","2014-04-11",60.3316028907358,5.96702197108838,94.3108731484507,3.81716325999166,0.97,57.18,1.37313675874939,0.29,0.51,0.57,0.31,29.61,36.19,29.53,30.12,32.27,100.0,1.59682656699345,15.21,0.42821248177065,58.2634206032696,6.1788339282606,29.41,37.59,29.53,30.19,33.31,0.943460772597167,0.622244636791156,0.208894470112593,53.37,17.33,,46.33,8.17,30.0994742369541,6.29197104349825,1.04,1.0,1.01,0.272370362148832,1.02,0.774139823902657,0.491206165657192,0.81,0.72,1.01,0.92,1.04,0.571787518229349,0.208894470112593,0.173346230021286,0.204113904511442,0.104350162179033,0.173346230021286,0.259852953854572,0.128146063551825,-0.0038747395709134,2.83019980159034,2.28848822204098,0.44466816045284,0.00755147896780663,0.194968967824675,95.4909432192831,0.875,0.031976744186046,1.0,0.0498965527665675,-0.00129335693683076,-19.0,0.238245305409168,-0.0101576786422998,-15.0,0.477964664361496,1.26009338891269,22.5196011318211,24.261190309511,24.2347682678556,1.21229263325105,0.0379144988385038,-0.0592478250434235,0.782696496343501,0.025139363079028,0.846855912289575,0.294013966430522,2.88032545722515,-0.114344614142298,0.902353252240287,0.0105048769499641,0.00711469483887526,0.00691054687090049,2.58234801949831,0.124598775820075,0.0,0.00292661012656835,,0.0280678226877259,0.47750873638856,0.187496537341868,0.271108276892888,0.403526977248137,3.11232220760349,0.00601773565289725,0.307529306396003,7.53773323041385E-4,,-0.260291485111946,0.0,0.0,0.692470693603997,7.3507862939061,0.986728198844629,0.552544645019463,0.615244740405697,0.0942036220231384,0.00559514946600541,,0.141495760736893,0.729722124537558,0.0658907623212971,0.384923843943624,0.0942036220231384,1.80450854104079E8,0.0,51.1589434953379,65.4994432706319
"002236","2014-04-14",60.3316028907358,5.96702197108838,94.3108731484507,3.81716325999166,0.97,57.18,1.37313675874939,0.28,0.47,0.47,0.31,29.74,36.07,29.51,30.09,32.14,100.0,1.59682656699345,15.21,0.42821248177065,58.2634206032696,6.1788339282606,29.59,37.47,29.46,30.18,33.14,0.943460772597167,0.622244636791156,0.208894470112593,53.37,17.33,,46.33,8.25,30.3933748271466,6.35340779779504,1.06,0.95,1.0,0.272370362148832,1.02,0.774139823902657,0.491206165657192,0.81,0.72,0.95,0.86,1.04,0.571787518229349,0.208894470112593,0.173346230021286,0.204113904511442,0.104350162179033,0.173346230021286,0.259852953854572,0.128146063551825,-0.0038747395709134,2.83019980159034,2.28848822204098,0.44466816045284,0.00755147896780663,0.194968967824675,96.4233463685622,0.875,0.031976744186046,3.0,0.0504173585361849,-0.00130685662203,-19.0,0.240732040920173,-0.0102637015506875,-17.0,0.477964664361496,0.47518220932338,22.5196011318211,24.2508066958674,24.224384654212,1.22446643418276,0.0388890931867203,-0.0587808521572558,0.775922520645065,0.0242592722860807,0.841773669120432,0.292438745972956,2.87846149223426,-0.112346343582391,0.867983768634751,0.0106256712674662,0.00713992851860702,0.00695476348000918,2.56784142120478,0.125899301762978,0.0,0.00292661012656835,,0.0280678226877259,0.47750873638856,0.187496537341868,0.271108276892888,0.403526977248137,3.11232220760349,0.00601773565289725,0.307529306396003,7.61634998431899E-4,,-0.260291485111946,0.0,0.0,0.692470693603997,7.3507862939061,0.986728198844629,0.552544645019463,0.615244740405697,0.0942036220231384,0.00559514946600541,,0.141495760736893,0.729722124537558,0.0658907623212971,0.384923843943624,0.0942036220231384,3.8350464400153E8,0.0,55.5756621270572,56.4581335293853
"002236","2014-04-15",60.3316028907358,5.96702197108838,94.3108731484507,3.81716325999166,0.97,57.18,1.37313675874939,0.28,0.4,0.41,0.31,29.84,35.95,29.5,30.0,32.01,100.0,1.59682656699345,15.21,0.42821248177065,58.2634206032696,6.1788339282606,29.72,37.35,29.41,30.05,32.99,0.943460772597167,0.622244636791156,0.208894470112593,53.37,17.33,,46.33,8.24,30.3731058209264,6.34917078025733,1.05,0.97,0.98,0.272370362148832,1.02,0.774139823902657,0.491206165657192,0.84,0.72,0.88,0.77,1.04,0.571787518229349,0.208894470112593,0.173346230021286,0.204113904511442,0.104350162179033,0.173346230021286,0.259852953854572,0.128146063551825,-0.0038747395709134,2.83019980159034,2.28848822204098,0.44466816045284,0.00755147896780663,0.194968967824675,96.3590427030947,0.88125,0.028685897435897,6.0,0.0497358579035004,-0.00168622302126718,-20.0,0.237242715165214,-0.0113259260946918,-20.0,1.37800042731958,1.24908251537093,22.5196011318211,24.2605236428197,24.2341016011642,1.18613368912098,0.0369399044902874,-0.0577675288293832,0.775818528199363,0.0242132597680407,0.849131501628959,0.295562683381051,2.87293203565291,-0.102629645503542,0.8777004667136,0.0106050102501783,0.0071288586113442,0.00695095842375433,2.56510314999709,0.124681869368471,0.0,0.00292661012656835,,0.0280678226877259,0.47750873638856,0.187496537341868,0.271108276892888,0.403526977248137,3.11232220760349,0.00601773565289725,0.307529306396003,7.54275626989498E-4,,-0.260291485111946,0.0,0.0,0.692470693603997,7.3507862939061,0.986728198844629,0.552544645019463,0.615244740405697,0.0942036220231384,0.00559514946600541,,0.141495760736893,0.729722124537558,0.0658907623212971,0.384923843943624,0.0942036220231384,5.64619666984215E8,0.0,55.8929080896413,54.9121546907633
"002236","2014-04-16",60.3316028907358,5.96702197108838,94.3108731484507,3.81716325999166,0.97,57.18,1.37313675874939,0.27,0.31,0.24,0.31,29.91,35.83,29.52,29.92,31.89,100.0,1.59682656699345,15.21,0.42821248177065,58.2634206032696,6.1788339282606,29.85,37.23,29.39,29.92,32.85,0.943460772597167,0.622244636791156,0.208894470112593,53.37,17.33,,46.33,8.22,30.3021642991558,6.33434121887535,1.04,0.99,0.98,0.272370362148832,1.02,0.774139823902657,0.491206165657192,0.8,0.72,0.83,0.66,1.04,0.571787518229349,0.208894470112593,0.173346230021286,0.204113904511442,0.104350162179033,0.173346230021286,0.259852953854572,0.128146063551825,-0.0038747395709134,2.83019980159034,2.28848822204098,0.44466816045284,0.00755147896780663,0.194968967824675,96.1339798739584,0.88125,0.028685897435897,7.0,0.0497690483325318,-0.00168734829522198,-21.0,0.237401035295454,-0.0113334842702639,-21.0,1.37800042731958,0.467995318357907,22.5196011318211,24.2598565313873,24.2334344897319,1.1714260602487,0.035572358864882,-0.0570325380097453,0.770215649522624,0.0242270437473836,0.83875093921441,0.293187030642695,2.86080505462942,-0.0800629605849348,0.877033206788027,0.0106177933468799,0.00715867941442239,0.00696695331182484,2.55236442225623,0.124765073819168,0.0,0.00292661012656835,,0.0280678226877259,0.47750873638856,0.187496537341868,0.271108276892888,0.403526977248137,3.11232220760349,0.00601773565289725,0.307529306396003,7.54778600840607E-4,,-0.260291485111946,0.0,0.0,0.692470693603997,7.3507862939061,0.986728198844629,0.552544645019463,0.615244740405697,0.0942036220231384,0.00559514946600541,,0.141495760736893,0.729722124537558,0.0658907623212971,0.384923843943624,0.0942036220231384,6.11311096216644E8,0.0,66.5958196817619,62.236119357994
"002236","2014-04-17",60.3316028907358,5.96702197108838,94.3108731484507,3.81716325999166,0.97,57.18,1.37313675874939,0.23,0.27,0.13,0.31,30.01,35.72,29.56,29.93,31.77,100.0,1.59682656699345,15.21,0.42821248177065,58.2634206032696,6.1788339282606,30.02,37.13,29.42,29.91,32.69,0.943460772597167,0.622244636791156,0.208894470112593,53.37,17.33,,46.33,8.25,30.4035093302566,6.35552630656389,1.06,1.02,1.0,0.272370362148832,1.02,0.774139823902657,0.491206165657192,0.76,0.72,0.77,0.56,1.03,0.571787518229349,0.208894470112593,0.173346230021286,0.204113904511442,0.104350162179033,0.173346230021286,0.259852953854572,0.128146063551825,-0.0038747395709134,2.83019980159034,2.28848822204098,0.44466816045284,0.00755147896780663,0.194968967824675,96.455498201296,0.881944444444444,0.00865677321156699,9.0,0.0499723962580993,-5.56570823885476E-4,-21.0,0.238165576086275,-0.0039820114850554,-21.0,1.38213961992667,0.469283146803147,22.5196011318211,24.2575181304554,24.2310960888,1.16646670067897,0.035572358864882,-0.0574165671895718,0.771767664485356,0.0242266698454166,0.83875093921441,0.293187030642695,2.86080505462942,-0.122601985071844,0.853998678428789,0.0106063397684305,0.00716187654578487,0.00695368315270073,2.55400609936999,0.125057165965233,0.0,0.00292661012656835,,0.0280678226877259,0.47750873638856,0.187496537341868,0.271108276892888,0.403526977248137,3.11232220760349,0.00601773565289725,0.307529306396003,7.56544304199043E-4,,-0.260291485111946,0.0,0.0,0.692470693603997,7.3507862939061,0.986728198844629,0.552544645019463,0.615244740405697,0.0942036220231384,0.00559514946600541,,0.141495760736893,0.729722124537558,0.0658907623212971,0.384923843943624,0.0942036220231384,5.69689688390028E8,0.0,68.7914511077333,64.0919349384016
"002236","2014-04-18",60.3316028907358,5.96702197108838,94.3108731484507,3.81716325999166,0.97,57.18,1.37313675874939,0.21,0.22,0.06,0.31,30.03,35.61,29.62,29.94,31.65,100.0,1.59682656699345,15.21,0.42821248177065,58.2634206032696,6.1788339282606,30.07,37.02,29.51,29.95,32.54,0.943460772597167,0.622244636791156,0.208894470112593,53.37,17.33,,46.33,8.22,30.2818952929356,6.33010420133764,1.02,1.06,1.01,0.272370362148832,1.02,0.774139823902657,0.491206165657192,0.7,0.72,0.74,0.48,1.03,0.571787518229349,0.208894470112593,0.173346230021286,0.204113904511442,0.104350162179033,0.173346230021286,0.259852953854572,0.128146063551825,-0.0038747395709134,2.83019980159034,2.28848822204098,0.44466816045284,0.00755147896780663,0.194968967824675,96.0696762084908,0.89,0.018378378378378,11.0,0.0494928117553766,-3.90808639983625E-4,-21.0,0.236077944075964,-0.00183960351913649,-21.0,0.465517117098648,1.23878664173078,22.5196011318211,24.2608570317209,24.2344349900655,1.16307619084942,0.0354321041554877,-0.0566378331879377,0.767228150441116,0.0241034589105913,0.757282026414436,0.283132992106462,2.67465130354603,-0.214573260036242,0.876044387804503,0.0104818028084998,0.00717390386976283,0.00692144395198304,2.55655140009259,0.124640308745349,0.0,0.00292661012656835,,0.0280678226877259,0.47750873638856,0.187496537341868,0.271108276892888,0.403526977248137,3.11232220760349,0.00601773565289725,0.307529306396003,7.54024391361241E-4,,-0.260291485111946,0.0,0.0,0.692470693603997,7.3507862939061,0.986728198844629,0.552544645019463,0.615244740405697,0.0942036220231384,0.00559514946600541,,0.141495760736893,0.729722124537558,0.0658907623212971,0.384923843943624,0.0942036220231384,5.39161549229437E8,0.0,66.5884186013616,68.7079344075021
"002236","2014-04-21",60.3316028907358,5.96702197108838,94.3108731484507,3.81716325999166,0.97,57.18,1.37313675874939,0.21,0.22,0.13,0.31,30.05,35.51,29.67,30.01,31.55,100.0,1.59682656699345,15.21,0.42821248177065,58.2634206032696,6.1788339282606,30.09,36.92,29.54,29.99,32.41,0.943460772597167,0.622244636791156,0.208894470112593,53.37,17.33,,46.33,8.3,30.5859303862382,6.39365946440327,1.0,1.02,1.01,0.272370362148832,1.02,0.774139823902657,0.491206165657192,0.73,0.73,0.73,0.6,1.04,0.571787518229349,0.208894470112593,0.173346230021286,0.204113904511442,0.104350162179033,0.173346230021286,0.259852953854572,0.128146063551825,-0.0038747395709134,2.83019980159034,2.28848822204098,0.44466816045284,0.00755147896780663,0.194968967824675,97.0342311905038,0.89,0.018378378378378,13.0,0.0496915780676472,-3.92378152594001E-4,-21.0,0.23702604826904,-0.0018469914850768,-21.0,1.36716881656279,1.23878664173078,22.5196011318211,24.2568490103234,24.2304269686679,1.16722347499605,0.0350411253075578,-0.0569415782901557,0.752878422776296,0.0238797442804067,0.753874642989598,0.282987277854406,2.66398775487518,-0.212105370342546,0.859984334211749,0.010423089601531,0.00716431930476769,0.00688262418029684,2.5567565895852,0.125140872234286,0.0,0.00292661012656835,,0.0280678226877259,0.47750873638856,0.187496537341868,0.271108276892888,0.403526977248137,3.11232220760349,0.00601773565289725,0.307529306396003,7.5705030926069E-4,,-0.260291485111946,0.0,0.0,0.692470693603997,7.3507862939061,0.986728198844629,0.552544645019463,0.615244740405697,0.0942036220231384,0.00559514946600541,,0.141495760736893,0.729722124537558,0.0658907623212971,0.384923843943624,0.0942036220231384,3.55982521575256E8,-0.166666666666667,64.269210116506,69.2939223156259
"002236","2014-04-22",60.3316028907358,5.96702197108838,94.3108731484507,3.81716325999166,0.97,57.18,1.37313675874939,0.19,0.18,0.16,0.31,30.06,35.42,29.71,30.1,31.47,100.0,1.59682656699345,15.21,0.42821248177065,58.2634206032696,6.1788339282606,30.05,36.84,29.57,30.05,32.29,0.943460772597167,0.622244636791156,0.208894470112593,53.37,17.33,,46.33,8.33,30.7075444235592,6.41908156962953,0.99,1.01,1.01,0.272370362148832,1.02,0.774139823902657,0.491206165657192,0.7,0.73,0.72,0.62,1.03,0.571787518229349,0.208894470112593,0.173346230021286,0.204113904511442,0.104350162179033,0.173346230021286,0.259852953854572,0.128146063551825,-0.0038747395709134,2.83019980159034,2.28848822204098,0.44466816045284,0.00755147896780663,0.194968967824675,97.420053183309,0.880434782608696,0.00714711137581903,16.0,0.0494484873573757,-1.37616415348184E-4,-20.0,0.235527389756725,-9.71166500830157E-4,-20.0,0.472989868205897,0.466614496889624,22.5196011318211,24.2668391033985,24.240417061743,1.13708424283302,0.0350411253075578,-0.0573268494101279,0.743026013018322,0.023879257113616,0.738547104102859,0.277393732982624,2.66245057579986,-0.202115278634691,0.869974425919604,0.0105114651592399,0.00718701522035906,0.00690507722560337,2.51757596578196,0.123896927182255,0.0,0.00292661012656835,,0.0280678226877259,0.47750873638856,0.187496537341868,0.271108276892888,0.403526977248137,3.11232220760349,0.00601773565289725,0.307529306396003,7.49530598754834E-4,,-0.260291485111946,0.0,0.0,0.692470693603997,7.3507862939061,0.986728198844629,0.552544645019463,0.615244740405697,0.0942036220231384,0.00559514946600541,,0.141495760736893,0.729722124537558,0.0658907623212971,0.384923843943624,0.0942036220231384,2.35202910372937E8,0.0,72.4056480896981,71.8875025169808
"002236","2014-04-23",60.3316028907358,5.96702197108838,94.3108731484507,3.81716325999166,1.41,57.31,1.37313675874939,0.15,0.16,0.15,0.32,29.97,35.31,29.73,29.99,31.37,105.0,1.59682656699345,16.21,0.42821248177065,58.2634206032696,6.1788339282606,29.97,36.73,29.59,30.01,32.16,0.943460772597167,0.622244636791156,0.208894470112593,53.37,16.94,,46.33,7.78,28.5782641069612,5.89717835234179,0.97,1.02,0.99,0.272370362148832,1.01,0.774139823902657,0.491206165657192,0.67,0.73,0.72,0.69,1.03,0.571787518229349,0.208894470112593,0.173346230021286,0.204113904511442,0.104350162179033,0.173346230021286,0.259852953854572,0.128146063551825,-0.0038747395709134,2.83019980159034,2.28848822204098,0.44466816045284,0.00755147896780663,0.194968967824675,-318.000864247276,0.880434782608696,0.00714711137581903,17.0,0.0492526517638811,-1.37071399841855E-4,-21.0,0.234594608015114,-9.67320296866473E-4,-21.0,1.37923913849123,0.466614496889624,22.5196011318211,24.2708073625741,24.2443853209186,1.17592992002271,0.0352918494460934,-0.0573988695996063,0.73786381578172,0.0238303070636503,0.702002201627495,0.267891930619686,2.62046788794134,-0.243399276370071,0.873942379372727,0.0105389079109497,0.00722468995691723,0.00690366004518239,2.50334299303389,0.123406246282523,0.0,0.00292661012656835,,0.0280678226877259,0.47750873638856,0.187496537341868,0.271108276892888,0.403526977248137,3.11232220760349,0.00601773565289725,0.307529306396003,7.4656437687004E-4,,-0.260291485111946,0.0,0.0,0.692470693603997,7.3507862939061,0.986728198844629,0.552544645019463,0.615244740405697,0.0942036220231384,0.00559514946600541,,0.141495760736893,0.729722124537558,0.0658907623212971,0.384923843943624,0.0942036220231384,1.71507644454009E8,0.0,64.5453307127978,72.2669603780772
"002236","2014-04-24",68.4837361815619,5.25672254570895,108.118005950177,3.32969514963026,1.41,57.31,1.23197722049341,0.12,0.15,0.21,0.32,29.79,35.2,29.67,29.64,31.23,105.0,1.47505598697919,16.21,0.426923702205883,64.8425249205671,5.55191212003241,29.85,36.62,29.57,29.77,32.0,0.910400219498642,0.539707645951438,0.206306908747206,53.37,16.94,,46.33,7.56,27.7595406660809,5.72823323607989,0.96,0.98,0.96,0.272370362148832,1.01,0.929544648324046,0.431933811340191,0.65,0.73,0.71,0.74,1.03,0.573076297794117,0.206306908747206,0.169386688552786,0.202740800632424,0.0990013468855031,0.169386688552786,0.259435868374819,0.138450205920722,-0.00598616914077555,2.70488070595192,1.98976739943324,0.481535382999351,0.00847904840341177,-0.0515492444990163,-308.890627152224,0.858695652173913,-0.014592019058964,17.0,0.0500396258593511,-3.98817411993878E-4,-21.0,0.244464758517539,0.00390100968528463,-19.0,1.36699559209838,0.496542746881784,22.5196011318211,24.2497960843615,24.223374042706,1.14659477105573,0.0352918494460934,-0.0589656444746766,0.731068537103721,0.02375003537407,0.705676736414131,0.263412854324671,2.6789760819506,-0.249815301412497,0.854700542449941,0.0105519221865331,0.00725554992021141,0.00690119974818369,2.50235445231991,0.126026601360312,0.0,0.00292661012656835,,0.0280678226877259,0.47750873638856,0.183592614216202,0.272216974952178,0.403526977248137,3.11232220760349,0.00601773565289725,0.307529306396003,7.6240451746574E-4,,-1.21531679898534,0.0,0.0,0.675235756998687,7.78380157316144,1.03820161675855,0.463292259320564,0.53367423943787,0.0867488399661807,0.00553145821598716,,0.1340691587599,0.698918935651503,-0.0185445356140799,-0.110293911706546,0.0867488399661807,1.99527958419455E8,-0.166666666666667,44.6154150135145,72.0283070046546
"002236","2014-04-25",68.4837361815619,5.25672254570895,108.118005950177,3.32969514963026,1.41,57.31,1.23197722049341,0.07,0.14,0.21,0.32,29.61,35.08,29.62,29.29,31.09,105.0,1.47505598697919,16.21,0.426923702205883,64.8425249205671,5.55191212003241,29.73,36.52,29.58,29.51,31.83,0.910400219498642,0.539707645951438,0.206306908747206,53.37,16.94,,46.33,7.48,27.4898435326145,5.67258072719362,0.96,1.0,0.95,0.272370362148832,1.01,0.929544648324046,0.431933811340191,0.6,0.73,0.7,0.72,1.03,0.573076297794117,0.206306908747206,0.169386688552786,0.202740800632424,0.0990013468855031,0.169386688552786,0.259435868374819,0.138450205920722,-0.00598616914077555,2.70488070595192,1.98976739943324,0.481535382999351,0.00847904840341177,-0.0515492444990163,-305.889607873854,0.858695652173913,-0.014592019058964,17.0,0.0515154649287629,-4.1057989638648E-4,-21.0,0.251674857224684,0.00401606375303244,-17.0,1.36699559209838,0.496542746881784,22.5196011318211,24.2207292406301,24.1943071989747,1.18294800403199,0.0354321041554877,-0.0615520110575358,0.726690182546321,0.0237132047687199,0.686856252813416,0.256281250033657,2.68008780479731,-0.338749814644569,0.823471678816185,0.0104700326366901,0.00724582737083569,0.00688112106968479,2.50244235025999,0.129743555251924,0.0,0.00292661012656835,,0.0280678226877259,0.47750873638856,0.183592614216202,0.272216974952178,0.403526977248137,3.11232220760349,0.00601773565289725,0.307529306396003,7.84872775893165E-4,,-1.21531679898534,0.0,0.0,0.675235756998687,7.78380157316144,1.03820161675855,0.463292259320564,0.53367423943787,0.0867488399661807,0.00553145821598716,,0.1340691587599,0.698918935651503,-0.0185445356140799,-0.110293911706546,0.0867488399661807,2.41239161930696E8,-0.333333333333333,23.4101896339758,65.419754846791
"002236","2014-04-28",68.4837361815619,5.25672254570895,108.118005950177,3.32969514963026,1.41,57.31,1.23197722049341,0.03,0.13,0.21,0.32,29.3,34.96,29.51,28.74,30.92,105.0,1.47505598697919,16.21,0.426923702205883,64.8425249205671,5.55191212003241,29.5,36.42,29.55,29.01,31.63,0.910400219498642,0.539707645951438,0.206306908747206,53.37,16.94,,46.33,7.27,26.709648253658,5.51158596934405,0.92,0.98,0.92,0.272370362148832,1.01,0.929544648324046,0.431933811340191,0.57,0.73,0.69,0.55,1.02,0.573076297794117,0.206306908747206,0.169386688552786,0.202740800632424,0.0990013468855031,0.169386688552786,0.259435868374819,0.138450205920722,-0.00598616914077555,2.70488070595192,1.98976739943324,0.481535382999351,0.00847904840341177,-0.0515492444990163,-297.20808781857,0.858695652173913,-0.012832125603865,15.0,0.0520208724333198,-4.19022895938661E-4,-21.0,0.254143986868094,0.00405546451865434,-15.0,0.465409873620311,1.29281938670079,22.5196011318211,24.2109662621075,24.184544220452,1.16464395490643,0.0350411253075578,-0.061044744467632,0.732763955748833,0.0237565702879153,0.68708970735871,0.260473140255665,2.63785243531945,-0.267150447876672,0.835740132917303,0.010479565318295,0.00722464848303178,0.00684237685785337,2.50128870324684,0.131016442269112,0.0,0.00292661012656835,,0.0280678226877259,0.47750873638856,0.183592614216202,0.272216974952178,0.403526977248137,3.11232220760349,0.00601773565289725,0.307529306396003,7.92566896400512E-4,,-1.21531679898534,0.0,0.0,0.675235756998687,7.78380157316144,1.03820161675855,0.463292259320564,0.53367423943787,0.0867488399661807,0.00553145821598716,,0.1340691587599,0.698918935651503,-0.0185445356140799,-0.110293911706546,0.0867488399661807,2.2407581482136E8,-0.333333333333333,22.3754812652465,60.1049679831738
"002236","2014-04-29",68.4837361815619,5.25672254570895,108.118005950177,3.32969514963026,1.41,57.31,1.23197722049341,0.02,0.12,0.06,0.32,29.06,34.84,29.41,28.35,30.78,105.0,1.47505598697919,16.21,0.426923702205883,64.8425249205671,5.55191212003241,29.3,36.31,29.52,28.54,31.47,0.910400219498642,0.539707645951438,0.206306908747206,53.37,16.94,,46.33,7.33,26.9119211037578,5.55332535100875,0.93,0.98,0.92,0.272370362148832,1.01,0.929544648324046,0.431933811340191,0.55,0.73,0.7,0.49,1.02,0.573076297794117,0.206306908747206,0.169386688552786,0.202740800632424,0.0990013468855031,0.169386688552786,0.259435868374819,0.138450205920722,-0.00598616914077555,2.70488070595192,1.98976739943324,0.481535382999351,0.00847904840341177,-0.0515492444990163,-299.458852277347,0.875,0.00624999999999998,14.0,0.0536443441358698,-3.87492476471763E-4,-20.0,0.260086676506019,0.00339610072840848,-12.0,0.468254439592981,0.488069768660766,22.5196011318211,24.1821745096864,24.155752468031,1.14768851425702,0.0352918494460934,-0.0615652939447208,0.740370458122569,0.0237399858963731,0.696900458901877,0.26381300413317,2.64164558980606,-0.295942214967849,0.806948365826125,0.0104436110690675,0.00721543514162114,0.00682959238766378,2.49702405698278,0.134843464203406,0.0,0.00292661012656835,,0.0280678226877259,0.47750873638856,0.183592614216202,0.272216974952178,0.403526977248137,3.11232220760349,0.00601773565289725,0.307529306396003,8.15699082633878E-4,,-1.21531679898534,0.0,0.0,0.675235756998687,7.78380157316144,1.03820161675855,0.463292259320564,0.53367423943787,0.0867488399661807,0.00553145821598716,,0.1340691587599,0.698918935651503,-0.0185445356140799,-0.110293911706546,0.0867488399661807,2.74663444611711E8,-0.333333333333333,20.7690240622161,52.5496068761177
"002236","2014-04-30",68.4837361815619,5.25672254570895,108.118005950177,3.32969514963026,1.41,57.31,1.23197722049341,,0.12,,0.32,28.95,34.73,29.38,28.31,30.66,105.0,1.47505598697919,16.21,0.426923702205883,64.8425249205671,5.55191212003241,29.18,36.2,29.52,28.34,31.33,0.910400219498642,0.539707645951438,0.206306908747206,53.37,16.94,,46.33,7.51,27.576531896943,5.69046903362135,0.96,1.0,0.96,0.272370362148832,1.01,0.929544648324046,0.431933811340191,0.57,0.73,0.69,0.45,1.02,0.573076297794117,0.206306908747206,0.169386688552786,0.202740800632424,0.0990013468855031,0.169386688552786,0.259435868374819,0.138450205920722,-0.00598616914077555,2.70488070595192,1.98976739943324,0.481535382999351,0.00847904840341177,-0.0515492444990163,-306.85422121333,0.875,0.00624999999999998,15.0,0.0532728987568171,-3.52828847342873E-4,-21.0,0.258131837491479,0.00337057527554643,-11.0,1.37300459743105,1.27983812788361,22.5196011318211,24.1897190038876,24.1632969622321,1.13171674474732,0.0352918494460934,-0.060126374393725,0.740320019930004,0.0236892082822419,0.696900458901877,0.26381300413317,2.64164558980606,-0.288397979062708,0.814492601731266,0.0104619507259865,0.0072321204499573,0.00682167818408832,2.49895631056154,0.133829966440961,0.0,0.00292661012656835,,0.0280678226877259,0.47750873638856,0.183592614216202,0.272216974952178,0.403526977248137,3.11232220760349,0.00601773565289725,0.307529306396003,8.0957316530909E-4,,-1.21531679898534,0.0,0.0,0.675235756998687,7.78380157316144,1.03820161675855,0.463292259320564,0.53367423943787,0.0867488399661807,0.00553145821598716,,0.1340691587599,0.698918935651503,-0.0185445356140799,-0.110293911706546,0.0867488399661807,2.94133760731397E8,-0.166666666666667,26.8417669281946,44.5670955349905
"002236","2014-05-05",68.4837361815619,5.25672254570895,108.118005950177,3.32969514963026,1.41,57.31,1.23197722049341,0.03,0.11,-0.02,0.32,28.87,34.61,29.36,28.4,30.56,105.0,1.47505598697919,16.21,0.426923702205883,64.8425249205671,5.55191212003241,29.06,36.08,29.55,28.33,31.2,0.910400219498642,0.539707645951438,0.206306908747206,53.37,16.94,,46.33,7.55,27.7306445446381,5.72227046727065,0.96,1.02,1.0,0.272370362148832,1.01,0.929544648324046,0.431933811340191,0.59,0.73,0.68,0.45,1.02,0.573076297794117,0.206306908747206,0.169386688552786,0.202740800632424,0.0990013468855031,0.169386688552786,0.259435868374819,0.138450205920722,-0.00598616914077555,2.70488070595192,1.98976739943324,0.481535382999351,0.00847904840341177,-0.0515492444990163,-308.569089372399,0.875,0.00624999999999998,15.0,0.0519889902642498,-3.44325462618228E-4,-21.0,0.251910706933703,0.00328934241001632,-9.0,1.37300459743105,1.27983812788361,22.5196011318211,24.2141147691688,24.1876927275133,1.12095521760536,0.0351664873768256,-0.0573497737561044,0.739339799085831,0.0235088737761993,0.696900458901877,0.26381300413317,2.64164558980606,-0.312945410621667,0.785550119052269,0.010366157087781,0.0072941002239983,0.00681360198055581,2.49747139388133,0.130604584783809,0.0,0.00292661012656835,,0.0280678226877259,0.47750873638856,0.183592614216202,0.272216974952178,0.403526977248137,3.11232220760349,0.00601773565289725,0.307529306396003,7.90077386667726E-4,,-1.21531679898534,0.0,0.0,0.675235756998687,7.78380157316144,1.03820161675855,0.463292259320564,0.53367423943787,0.0867488399661807,0.00553145821598716,,0.1340691587599,0.698918935651503,-0.0185445356140799,-0.110293911706546,0.0867488399661807,2.71845617125034E8,-0.166666666666667,33.8094477989564,52.2143528271639
"002236","2014-05-06",68.4837361815619,5.25672254570895,108.118005950177,3.32969514963026,1.41,57.31,1.23197722049341,0.07,0.11,0.01,0.32,28.91,34.51,29.37,28.72,30.47,105.0,1.47505598697919,16.21,0.426923702205883,64.8425249205671,5.55191212003241,29.02,35.98,29.55,28.52,31.08,0.910400219498642,0.539707645951438,0.206306908747206,53.37,16.94,,46.33,7.9,29.0308865618508,5.99057784409429,0.99,1.0,1.03,0.272370362148832,1.01,0.929544648324046,0.431933811340191,0.63,0.74,0.67,0.55,1.02,0.573076297794117,0.206306908747206,0.169386688552786,0.202740800632424,0.0990013468855031,0.169386688552786,0.259435868374819,0.138450205920722,-0.00598616914077555,2.70488070595192,1.98976739943324,0.481535382999351,0.00847904840341177,-0.0515492444990163,-323.037360911101,0.885714285714286,0.00766550522648102,12.0,0.0517419264542199,-1.52687989969519E-4,-18.0,0.24827356629034,0.00103391132982817,-4.0,0.470319687393873,0.474780771569667,22.5196011318211,24.2196877546828,24.1932657130274,1.11825885605762,0.0350411253075578,-0.0569518882902326,0.738764443556154,0.0234679778496673,0.70244796199556,0.266483971766147,2.63598578683747,-0.307372437136481,0.791123092537455,0.0102846712604913,0.00731663449277132,0.00680841558095717,2.4981622667239,0.129878751731867,0.00356642522370768,0.00417392703887441,,0.0280678226877259,0.47750873638856,0.183592614216202,0.272216974952178,0.403526977248137,3.11232220760349,0.00601773565289725,0.307529306396003,7.85689993096229E-4,,-1.21531679898534,0.0,0.0,0.675235756998687,7.78380157316144,1.03820161675855,0.463292259320564,0.53367423943787,0.0867488399661807,0.00553145821598716,,0.1340691587599,0.698918935651503,-0.0185445356140799,-0.110293911706546,0.0867488399661807,2.82908786080697E8,0.0,36.4054964065732,61.0146044353943
"002236","2014-05-07",68.4837361815619,5.25672254570895,108.118005950177,3.32969514963026,1.41,57.31,1.23197722049341,0.07,0.08,0.02,0.32,28.79,34.4,29.3,28.77,30.36,105.0,1.47505598697919,16.21,0.426923702205883,64.8425249205671,5.55191212003241,28.86,35.87,29.48,28.69,30.94,0.910400219498642,0.539707645951438,0.206306908747206,53.37,16.94,,46.33,7.66,28.1159856976515,5.80178633630006,0.95,0.95,1.03,0.272370362148832,1.01,0.929544648324046,0.431933811340191,0.55,0.74,0.64,0.55,1.02,0.573076297794117,0.206306908747206,0.169386688552786,0.202740800632424,0.0990013468855031,0.169386688552786,0.259435868374819,0.138450205920722,-0.00598616914077555,2.70488070595192,1.98976739943324,0.481535382999351,0.00847904840341177,-0.0515492444990163,-312.856922224306,0.885714285714286,0.00766550522648102,13.0,0.0504795005969837,-1.48962630675109E-4,-19.0,0.242216061453707,0.00100868543496282,-3.0,0.470319687393873,0.474780771569667,22.5196011318211,24.2655099688153,24.2179667973582,1.08183049944407,0.0351664873768256,-0.0589761039312205,0.736538404250047,0.0234990193168377,0.70244796199556,0.266483971766147,2.63598578683747,-0.280625591029872,0.815824298437511,0.0102506159123124,0.00736712853415945,0.00681988637299405,2.49882823479403,0.126709903841425,0.00347940976586052,0.00417392703887441,,0.0280678226877259,0.47750873638856,0.183592614216202,0.272216974952178,0.403526977248137,3.11232220760349,0.00601773565289725,0.307529306396003,7.66535022963274E-4,,-1.21531679898534,0.0,0.0,0.675235756998687,7.78380157316144,1.01650357584252,0.463292259320564,0.53367423943787,0.0867488399661807,0.00553145821598716,,0.1340691587599,0.698918935651503,-0.0185445356140799,-0.110293911706546,0.0867488399661807,3.01956472339691E8,0.166666666666667,46.0921349563896,61.9462568746227
"002236","2014-05-08",68.4837361815619,5.25672254570895,108.118005950177,3.32969514963026,1.41,57.31,1.23197722049341,-0.01,0.05,0.02,0.32,28.61,34.28,29.16,28.65,30.22,105.0,1.47505598697919,16.21,0.426923702205883,64.8425249205671,5.55191212003241,28.64,35.76,29.35,28.72,30.76,0.910400219498642,0.539707645951438,0.206306908747206,53.37,16.94,,46.33,7.52,27.6339411562992,5.70231554187085,0.93,0.92,1.01,0.272370362148832,1.01,0.929544648324046,0.431933811340191,0.51,0.74,0.6,0.53,1.02,0.573076297794117,0.206306908747206,0.169386688552786,0.202740800632424,0.0990013468855031,0.169386688552786,0.259435868374819,0.138450205920722,-0.00598616914077555,2.70488070595192,1.98976739943324,0.481535382999351,0.00847904840341177,-0.0515492444990163,-307.493035174274,0.885714285714286,0.00766550522648102,14.0,0.0521221155569276,-1.5380991011975E-4,-20.0,0.250097829723544,0.00104150829901165,-2.0,0.470319687393873,0.474780771569667,22.5196011318211,24.2334879523622,24.185944780905,1.12379898426657,0.0351664873768256,-0.0586015587445088,0.741313088245916,0.0235555841500641,0.702601848570832,0.265456741069349,2.64676589390992,-0.272167187581929,0.747923553734314,0.0102450353799971,0.00738672678044655,0.00680626454021044,2.49851551146822,0.130833074260338,0.00359263058749279,0.00417392703887441,,0.0280678226877259,0.47750873638856,0.183592614216202,0.272216974952178,0.403526977248137,3.11232220760349,0.00601773565289725,0.307529306396003,7.91458513457779E-4,,-1.21531679898534,0.0,0.0,0.675235756998687,7.78380157316144,1.01650357584252,0.463292259320564,0.53367423943787,0.0867488399661807,0.00553145821598716,,0.1340691587599,0.698918935651503,-0.0185445356140799,-0.110293911706546,0.0867488399661807,3.53494926739504E8,0.0,37.8005334971601,55.2766037174773
"002236","2014-05-09",68.4837361815619,5.25672254570895,108.118005950177,3.32969514963026,1.41,57.31,1.23197722049341,-0.05,0.01,,0.32,28.41,34.15,29.01,28.37,30.08,105.0,1.47505598697919,16.21,0.426923702205883,64.8425249205671,5.55191212003241,28.44,35.63,29.21,28.54,30.58,0.910400219498642,0.539707645951438,0.206306908747206,53.37,16.94,,46.33,7.42,27.2502730519575,5.62314490957004,0.93,0.91,0.97,0.272370362148832,1.01,0.929544648324046,0.431933811340191,0.48,0.74,0.58,0.52,1.02,0.573076297794117,0.206306908747206,0.169386688552786,0.202740800632424,0.0990013468855031,0.169386688552786,0.259435868374819,0.138450205920722,-0.00598616914077555,2.70488070595192,1.98976739943324,0.481535382999351,0.00847904840341177,-0.0515492444990163,-303.22381895078,0.875,0.0,13.0,0.0530313301038444,-2.75738195361383E-4,-20.0,0.254460518814486,-6.92645720983352E-5,-2.0,0.470319687393873,0.474780771569667,22.5196011318211,24.2161944209766,24.1686512495195,1.10772836840228,0.0350411253075578,-0.0579963230693257,0.741553394516464,0.0235525943986751,0.690143662707835,0.261446779966039,2.63970993560327,-0.328660542408635,0.745051070058664,0.0101431303939123,0.00740492930014793,0.00679692025087112,2.49546302275717,0.133115317278763,0.00365530018478263,0.00417392703887441,,0.0280678226877259,0.47750873638856,0.183592614216202,0.272216974952178,0.403526977248137,3.11232220760349,0.00601773565289725,0.307529306396003,8.05253543093092E-4,,-1.21531679898534,0.0,0.0,0.675235756998687,7.78380157316144,1.01650357584252,0.463292259320564,0.53367423943787,0.0867488399661807,0.00553145821598716,,0.1340691587599,0.698918935651503,-0.0185445356140799,-0.110293911706546,0.0867488399661807,4.11225417718089E8,0.0,35.5411535108301,54.8738163200209
"002236","2014-05-12",68.4837361815619,5.25672254570895,108.118005950177,3.32969514963026,1.41,57.31,1.23197722049341,-0.07,-0.01,,0.32,28.38,34.04,28.93,28.32,29.96,105.0,1.47505598697919,16.21,0.426923702205883,64.8425249205671,5.55191212003241,28.39,35.52,29.13,28.45,30.43,0.910400219498642,0.539707645951438,0.206306908747206,53.37,16.94,,46.33,7.59,27.8798822488259,5.75306594719188,0.98,0.94,0.98,0.272370362148832,1.01,0.929544648324046,0.431933811340191,0.48,0.74,0.56,0.5,1.0,0.573076297794117,0.206306908747206,0.169386688552786,0.202740800632424,0.0990013468855031,0.169386688552786,0.259435868374819,0.138450205920722,-0.00598616914077555,2.70488070595192,1.98976739943324,0.481535382999351,0.00847904840341177,-0.0515492444990163,-310.229712240617,0.860294117647059,-0.014705882352941,11.0,0.053664441543406,-3.93159486366279E-4,-20.0,0.259205990345136,0.00109257462928275,0.0,0.467215466889935,0.481426544399905,22.5196011318211,24.2022131930537,24.1546700215966,1.08954492023704,0.0340821059778782,-0.0603450377971124,0.730681555173033,0.0234910743642467,0.685242780841434,0.260592576250831,2.62955603225573,-0.317994004380298,0.73013922250379,0.0100859183731994,0.00741450280482835,0.00680500707659409,2.48620194456806,0.134989504056334,0.00370676470001964,0.00417392703887441,,0.0280678226877259,0.47750873638856,0.183592614216202,0.272216974952178,0.403526977248137,3.11232220760349,0.00601773565289725,0.307529306396003,8.16581789851514E-4,,-1.21531679898534,0.0,0.0,0.675235756998687,7.78380157316144,1.01650357584252,0.463292259320564,0.53367423943787,0.0867488399661807,0.00553145821598716,,0.1340691587599,0.698918935651503,-0.0185445356140799,-0.110293911706546,0.0867488399661807,4.47052940706219E8,-0.166666666666667,30.2547364287816,50.2971283854213
"002236","2014-05-13",68.4837361815619,5.25672254570895,108.118005950177,3.32969514963026,1.41,57.31,1.23197722049341,-0.09,-0.03,-0.04,0.32,28.38,33.93,28.87,28.25,29.85,105.0,1.47505598697919,16.21,0.426923702205883,64.8425249205671,5.55191212003241,28.38,35.4,29.06,28.24,30.28,0.910400219498642,0.539707645951438,0.206306908747206,53.37,16.94,,46.33,7.62,27.9979339732387,5.77742614174597,1.0,0.96,0.96,0.272370362148832,1.01,0.929544648324046,0.431933811340191,0.48,0.74,0.54,0.41,1.0,0.573076297794117,0.206306908747206,0.169386688552786,0.202740800632424,0.0990013468855031,0.169386688552786,0.259435868374819,0.138450205920722,-0.00598616914077555,2.70488070595192,1.98976739943324,0.481535382999351,0.00847904840341177,-0.0515492444990163,-311.543317232462,0.860294117647059,-0.014705882352941,8.0,0.0524836438546002,-3.53178605692388E-4,-19.0,0.253352361769946,0.00106790110201595,3.0,0.468085465062293,0.481426544399905,22.5196011318211,24.225055014123,24.1775118426658,1.08994500025837,0.0340821059778782,-0.0620322984568623,0.734606862225892,0.0234459282417898,0.685242780841434,0.260592576250831,2.62955603225573,-0.295152146598566,0.752981080285522,0.0100684718927636,0.00743164336530333,0.00679653521262851,2.48509708945386,0.131941046660567,0.00362305512316669,0.00417392703887441,,0.0280678226877259,0.47750873638856,0.183592614216202,0.272216974952178,0.403526977248137,3.11232220760349,0.00601773565289725,0.307529306396003,7.98155705889643E-4,,-1.21531679898534,0.0,0.0,0.675235756998687,7.78380157316144,1.01650357584252,0.463292259320564,0.53367423943787,0.0867488399661807,0.00553145821598716,,0.1340691587599,0.698918935651503,-0.0185445356140799,-0.110293911706546,0.0867488399661807,4.33304130891305E8,-0.166666666666667,35.5883122863172,55.8274815024066
"002236","2014-05-14",68.4837361815619,5.25672254570895,108.118005950177,3.32969514963026,1.41,57.31,1.23197722049341,-0.1,-0.06,-0.15,0.32,28.4,33.81,28.8,28.22,29.74,105.0,1.47505598697919,16.21,0.426923702205883,64.8425249205671,5.55191212003241,28.44,35.29,28.98,28.18,30.14,0.910400219498642,0.539707645951438,0.206306908747206,53.37,16.94,,46.33,7.57,27.8208563866195,5.74088584991483,1.02,0.94,0.99,0.272370362148832,1.01,0.929544648324046,0.431933811340191,0.46,0.74,0.52,0.38,0.98,0.573076297794117,0.206306908747206,0.169386688552786,0.202740800632424,0.0990013468855031,0.169386688552786,0.259435868374819,0.138450205920722,-0.00598616914077555,2.70488070595192,1.98976739943324,0.481535382999351,0.00847904840341177,-0.0515492444990163,-309.572909744695,0.860294117647059,-0.014705882352941,7.0,0.0522623495024374,-3.51689447832828E-4,-20.0,0.252284115690804,0.00106339835668068,4.0,0.468085465062293,0.481426544399905,22.5196011318211,24.2292803725221,24.181737201065,1.05815567776897,0.033765534265243,-0.0621614368583407,0.735874375322406,0.0234477863637184,0.67991304112017,0.259552162840321,2.61956222471727,-0.307081650885155,0.75720602231949,0.00989725667894688,0.00743618381229323,0.00679342012941085,2.48878956531995,0.13138472460859,0.00360777871365228,0.00417392703887441,,0.0280678226877259,0.47750873638856,0.183592614216202,0.272216974952178,0.403526977248137,3.11232220760349,0.00601773565289725,0.307529306396003,7.94793001726662E-4,,-1.21531679898534,0.0,0.0,0.675235756998687,7.78380157316144,1.01650357584252,0.463292259320564,0.53367423943787,0.0867488399661807,0.00553145821598716,,0.1340691587599,0.698918935651503,-0.0185445356140799,-0.110293911706546,0.0867488399661807,3.56452373860648E8,0.0,40.381480380402,49.7269036901371
"002236","2014-05-15",68.4837361815619,5.25672254570895,108.118005950177,3.32969514963026,1.41,57.31,1.23197722049341,-0.1,-0.07,-0.16,0.32,28.34,33.69,28.69,28.12,29.63,105.0,1.47505598697919,16.21,0.426923702205883,64.8425249205671,5.55191212003241,28.43,35.16,28.87,28.12,29.99,0.910400219498642,0.539707645951438,0.206306908747206,53.37,16.94,,46.33,7.45,27.3683247763704,5.64750510412413,1.0,0.93,0.99,0.272370362148832,1.01,0.929544648324046,0.431933811340191,0.45,0.74,0.5,0.37,0.96,0.573076297794117,0.206306908747206,0.169386688552786,0.202740800632424,0.0990013468855031,0.169386688552786,0.259435868374819,0.138450205920722,-0.00598616914077555,2.70488070595192,1.98976739943324,0.481535382999351,0.00847904840341177,-0.0515492444990163,-304.537423942624,0.860294117647059,-0.020955882352941,5.0,0.0525949952913497,-1.4822884323225E-4,-20.0,0.253889884461113,0.00230187074807365,6.0,0.468085465062293,0.481426544399905,22.5196011318211,24.2229356208888,24.1753924494317,1.05506047286167,0.033765534265243,-0.0628396911518697,0.736848354529588,0.0234472424159923,0.670416194637623,0.256703008031102,2.61164136633878,-0.290418728085182,0.763028695758478,0.0098393689452489,0.00741093633620395,0.00678765570263426,2.49272203003591,0.132220978159847,0.00363074194450297,0.00417392703887441,,0.0280678226877259,0.47750873638856,0.183592614216202,0.272216974952178,0.403526977248137,3.11232220760349,0.00601773565289725,0.307529306396003,7.99847751086623E-4,,-1.21531679898534,0.0,0.0,0.675235756998687,7.78380157316144,1.01650357584252,0.463292259320564,0.53367423943787,0.0867488399661807,0.00553145821598716,,0.1340691587599,0.698918935651503,-0.0185445356140799,-0.110293911706546,0.0867488399661807,2.11853217538142E8,0.0,45.1957580015088,41.2534814072502
"002236","2014-05-16",68.4837361815619,5.25672254570895,108.118005950177,3.32969514963026,1.41,57.31,1.23197722049341,-0.12,-0.1,-0.18,0.32,28.24,33.57,28.59,28.07,29.51,105.0,1.47505598697919,16.21,0.426923702205883,64.8425249205671,5.55191212003241,28.34,35.04,28.77,28.15,29.84,0.910400219498642,0.539707645951438,0.206306908747206,53.37,16.94,,46.33,7.45,27.3683247763704,5.64750510412413,0.97,0.93,1.0,0.272370362148832,1.01,0.929544648324046,0.431933811340191,0.43,0.74,0.5,0.34,0.95,0.573076297794117,0.206306908747206,0.169386688552786,0.202740800632424,0.0990013468855031,0.169386688552786,0.259435868374819,0.138450205920722,-0.00598616914077555,2.70488070595192,1.98976739943324,0.481535382999351,0.00847904840341177,-0.0515492444990163,-304.537423942624,0.860294117647059,-0.020955882352941,3.0,0.0534646465434712,-1.50679787440978E-4,-20.0,0.25808791993387,0.0023399318747492,8.0,0.468085465062293,0.481426544399905,22.5196011318211,24.2065359663557,24.1589927948986,1.02058472709261,0.033765534265243,-0.0652634586223364,0.735748842122934,0.0234392077142521,0.672774462695474,0.257660540550807,2.61108845482226,-0.345214941966702,0.733532275688386,0.0097122009951096,0.00740139063302765,0.00676475857755323,2.49456717604494,0.134407234448615,0.00369077577967448,0.00417392703887441,,0.0280678226877259,0.47750873638856,0.183592614216202,0.272216974952178,0.403526977248137,3.11232220760349,0.00601773565289725,0.307529306396003,8.13062374217052E-4,,-1.21531679898534,0.0,0.0,0.675235756998687,7.78380157316144,1.01650357584252,0.463292259320564,0.53367423943787,0.0867488399661807,0.00553145821598716,,0.1340691587599,0.698918935651503,-0.0185445356140799,-0.110293911706546,0.0867488399661807,9.24977820238123E7,0.0,43.7930356437429,43.7605805133104
"002236","2014-05-19",68.4837361815619,5.25672254570895,108.118005950177,3.32969514963026,1.41,57.31,1.23197722049341,-0.14,-0.1,-0.19,0.32,28.08,33.45,28.45,27.84,29.39,105.0,1.47505598697919,16.21,0.426923702205883,64.8425249205671,5.55191212003241,28.2,34.92,28.64,27.96,29.69,0.910400219498642,0.539707645951438,0.206306908747206,53.37,16.94,,46.33,7.34,26.9453060972244,5.56021440697196,0.95,0.91,0.97,0.272370362148832,1.01,0.929544648324046,0.431933811340191,0.41,0.74,0.5,0.32,0.94,0.573076297794117,0.206306908747206,0.169386688552786,0.202740800632424,0.0990013468855031,0.169386688552786,0.259435868374819,0.138450205920722,-0.00598616914077555,2.70488070595192,1.98976739943324,0.481535382999351,0.00847904840341177,-0.0515492444990163,-299.830339388515,0.860294117647059,-0.021650326797385,1.0,0.0534646465434712,-2.44003640467269E-4,-20.0,0.25808791993387,0.00211557180376212,10.0,0.468085465062293,0.481426544399905,22.5196011318211,24.2065359663557,24.1589927948986,0.992217944457351,0.03344793406754,-0.0680534958687031,0.730420891712568,0.0230637771950094,0.672774462695474,0.257660540550807,2.61108845482226,-0.359869344542789,0.717856362859853,0.00951507015427564,0.00738691286537985,0.00674548558561431,2.50228281343402,0.134407234448615,0.00369077577967448,0.00417392703887441,,0.0280678226877259,0.47750873638856,0.183592614216202,0.272216974952178,0.403526977248137,3.11232220760349,0.00601773565289725,0.307529306396003,8.13062374217052E-4,,-1.21531679898534,0.0,0.0,0.675235756998687,7.78380157316144,1.01650357584252,0.463292259320564,0.53367423943787,0.0867488399661807,0.00553145821598716,,0.1340691587599,0.698918935651503,-0.0185445356140799,-0.110293911706546,0.0867488399661807,2.41749364126324E7,0.0833333333333333,50.9017495526766,46.2089883028759
"002236","2014-05-20",68.4837361815619,5.25672254570895,108.118005950177,3.32969514963026,1.41,57.31,1.23197722049341,-0.15,-0.09,-0.18,0.32,27.83,33.33,28.29,27.51,29.26,105.0,1.47505598697919,16.21,0.426923702205883,64.8425249205671,5.55191212003241,27.94,34.79,28.49,27.65,29.53,0.910400219498642,0.539707645951438,0.206306908747206,53.37,16.94,,46.33,7.21,26.4730991995732,5.46277362875559,0.91,0.9,0.95,0.272370362148832,1.01,0.929544648324046,0.431933811340191,0.38,0.74,0.51,0.35,0.93,0.573076297794117,0.206306908747206,0.169386688552786,0.202740800632424,0.0990013468855031,0.169386688552786,0.259435868374819,0.138450205920722,-0.00598616914077555,2.70488070595192,1.98976739943324,0.481535382999351,0.00847904840341177,-0.0515492444990163,-294.575919421136,0.870967741935484,-0.019032258064516,-2.0,0.0543039965987356,9.50023431205518E-5,-17.0,0.262139683554592,0.00356581271563965,13.0,0.468085465062293,0.481426544399905,22.5196011318211,24.1909587631354,24.1434155916783,0.995021871790086,0.03344793406754,-0.0680548615294878,0.732538700674103,0.0230177191476867,0.675012694075269,0.258746500052315,2.60877999871994,-0.375446105225603,0.702279602177038,0.00936590722511295,0.00738215400039695,0.00673195335107834,2.50244714700168,0.136517315164675,0.00374871786018781,0.00417392703887441,,0.0280678226877259,0.47750873638856,0.183592614216202,0.272216974952178,0.403526977248137,3.11232220760349,0.00601773565289725,0.307529306396003,8.25816229699653E-4,,-1.21531679898534,0.0,0.0,0.675235756998687,7.78380157316144,1.01650357584252,0.463292259320564,0.53367423943787,0.0867488399661807,0.00553145821598716,,0.1340691587599,0.698918935651503,-0.0185445356140799,-0.110293911706546,0.0867488399661807,-4.13176388365801E7,-0.0833333333333333,44.7218011009135,46.2916698757581
"002236","2014-05-21",68.4837361815619,5.25672254570895,108.118005950177,3.32969514963026,1.41,57.31,1.23197722049341,-0.19,-0.09,-0.17,0.32,27.66,33.2,28.14,27.27,29.12,105.0,1.47505598697919,16.21,0.426923702205883,64.8425249205671,5.55191212003241,27.78,34.67,28.33,27.39,29.37,0.910400219498642,0.539707645951438,0.206306908747206,53.37,16.94,,46.33,7.23,26.5419627054807,5.47698374224548,0.94,0.89,0.95,0.272370362148832,1.01,0.929544648324046,0.431933811340191,0.38,0.74,0.46,0.38,0.92,0.573076297794117,0.206306908747206,0.169386688552786,0.202740800632424,0.0990013468855031,0.169386688552786,0.259435868374819,0.138450205920722,-0.00598616914077555,2.70488070595192,1.98976739943324,0.481535382999351,0.00847904840341177,-0.0515492444990163,-295.342188999712,0.870967741935484,-0.019032258064516,-3.0,0.0552726297599171,9.66969222620555E-5,-16.0,0.26681553075289,0.00362941695582944,14.0,0.468085465062293,0.481426544399905,22.5196011318211,24.1732787445992,24.1257355731421,1.01962198865832,0.033765534265243,-0.0661881056838595,0.734310212985886,0.0230374520887638,0.675012694075269,0.258746500052315,2.60877999871994,-0.408804402849794,0.684599150916238,0.00931025286895838,0.00740604347304775,0.0067250362929999,2.50250399238032,0.138952406628036,0.0038155846224654,0.00417392703887441,,0.0280678226877259,0.47750873638856,0.183592614216202,0.272216974952178,0.403526977248137,3.11232220760349,0.00601773565289725,0.307529306396003,8.40534126742707E-4,,-1.21531679898534,0.0,0.0,0.675235756998687,7.78380157316144,1.01650357584252,0.463292259320564,0.53367423943787,0.0867488399661807,0.00553145821598716,,0.1340691587599,0.698918935651503,-0.0185445356140799,-0.110293911706546,0.0867488399661807,-1.14139731625722E8,-0.25,32.7999313661724,45.3775884341799
"002236","2014-05-22",68.4837361815619,5.25672254570895,108.118005950177,3.32969514963026,1.41,57.31,1.23197722049341,-0.18,-0.12,-0.11,0.32,27.5,32.97,27.92,27.18,28.91,105.0,1.47505598697919,16.21,0.426923702205883,64.8425249205671,5.55191212003241,27.62,34.43,28.08,27.21,29.12,0.910400219498642,0.539707645951438,0.206306908747206,53.37,16.94,,46.33,7.33,26.9157931661212,5.55412435833344,0.98,0.91,0.99,0.272370362148832,1.01,0.929544648324046,0.431933811340191,0.39,0.74,0.45,0.42,0.91,0.573076297794117,0.206306908747206,0.169386688552786,0.202740800632424,0.0990013468855031,0.169386688552786,0.259435868374819,0.138450205920722,-0.00598616914077555,2.70488070595192,1.98976739943324,0.481535382999351,0.00847904840341177,-0.0515492444990163,-299.501938140553,0.870967741935484,-0.00946704067321202,-5.0,0.0551292241230307,-1.84169073618556E-4,-16.0,0.266123274001493,0.00266083431068679,16.0,0.468085465062293,0.481426544399905,22.5196011318211,24.17587663064,24.1283334591829,1.02690272694905,0.0336067341663915,-0.0650738678804236,0.732260929463207,0.0230396230903547,0.675012694075269,0.258746500052315,2.60877999871994,-0.470975958571411,0.686100070229954,0.00922207432552848,0.00739991053141521,0.00669810520812684,2.50084926175776,0.138591892600462,0.00380568503300756,0.00417392703887441,,0.0280678226877259,0.47750873638856,0.183592614216202,0.272216974952178,0.403526977248137,3.11232220760349,0.00601773565289725,0.307529306396003,8.38355177067302E-4,,-1.21531679898534,0.0,0.0,0.675235756998687,7.78380157316144,1.01650357584252,0.463292259320564,0.53367423943787,0.0867488399661807,0.00553145821598716,,0.1340691587599,0.698918935651503,-0.0185445356140799,-0.110293911706546,0.0867488399661807,-1.62036918320767E8,-0.25,31.5683055649718,46.3887613338282
"002236","2014-05-23",68.4837361815619,5.25672254570895,108.118005950177,3.32969514963026,1.41,57.31,1.23197722049341,-0.1,-0.1,0.08,0.32,27.29,32.84,27.74,26.82,28.81,105.0,1.47505598697919,16.21,0.426923702205883,64.8425249205671,5.55191212003241,27.47,34.31,27.91,26.9,29.03,0.910400219498642,0.539707645951438,0.206306908747206,53.37,16.94,,46.33,7.01,25.7451135656942,5.31255242900534,0.95,0.88,0.94,0.272370362148832,1.01,0.929544648324046,0.431933811340191,0.49,0.75,0.49,0.63,0.88,0.573076297794117,0.206306908747206,0.169386688552786,0.202740800632424,0.0990013468855031,0.169386688552786,0.259435868374819,0.138450205920722,-0.00598616914077555,2.70488070595192,1.98976739943324,0.481535382999351,0.00847904840341177,-0.0515492444990163,-286.475355304762,0.870967741935484,-0.00946704067321202,-7.0,0.0543635404546553,-1.81611169818298E-4,-16.0,0.262427117418139,0.00262387827859392,18.0,0.468085465062293,0.481426544399905,22.5196011318211,24.1898628726148,24.1423197011577,0.997463249900288,0.0336067341663915,-0.0660304126262269,0.730898385203122,0.0230591672895244,0.687984614912799,0.263118827196124,2.61472971069451,-0.434494402035401,0.702927237792827,0.00916502085345732,0.00741876988031509,0.00669083614083373,2.50049009466443,0.136667005203233,0.00375282829643801,0.00417392703887441,,0.0280678226877259,0.47750873638856,0.183592614216202,0.272216974952178,0.403526977248137,3.11232220760349,0.00601773565289725,0.307529306396003,8.2672098135546E-4,,-1.21531679898534,0.0,0.0,0.675235756998687,7.78380157316144,1.01650357584252,0.463292259320564,0.53367423943787,0.0867488399661807,0.00553145821598716,,0.1340691587599,0.698918935651503,-0.0185445356140799,-0.110293911706546,0.0867488399661807,-1.54690783462669E8,-0.25,28.0190549141182,46.3944318599288
"002236","2014-05-26",68.4837361815619,5.25672254570895,108.118005950177,3.32969514963026,1.41,57.31,1.23197722049341,-0.01,-0.07,0.29,0.32,27.04,32.72,27.57,26.52,28.71,105.0,1.47505598697919,16.21,0.426923702205883,64.8425249205671,5.55191212003241,27.25,34.19,27.77,26.64,28.94,0.910400219498642,0.539707645951438,0.206306908747206,53.37,16.94,,46.33,6.95,25.5385230479718,5.26992208853568,0.92,0.9,0.95,0.272370362148832,1.01,0.929544648324046,0.431933811340191,0.58,0.76,0.53,0.84,0.88,0.573076297794117,0.206306908747206,0.169386688552786,0.202740800632424,0.0990013468855031,0.169386688552786,0.259435868374819,0.138450205920722,-0.00598616914077555,2.70488070595192,1.98976739943324,0.481535382999351,0.00847904840341177,-0.0515492444990163,-284.176546569034,0.870967741935484,0.012272089761571,-5.0,0.0568032926140198,7.13209194478349E-5,-14.0,0.274360180839139,-0.00279952054471225,16.0,0.467252121940486,0.481426544399905,22.5196011318211,24.1453944964025,24.0978513249454,1.05846087958393,0.0336067341663915,-0.0694848426718611,0.731004151695298,0.0232604165101602,0.686577511578172,0.262411657217409,2.61641391567197,-0.476128309049297,0.634100921781191,0.00921198754084027,0.00750077588145042,0.00673474176156501,2.5155880779983,0.142881515565933,0.00392347658351334,0.00417392703887441,,0.0280678226877259,0.47750873638856,0.183592614216202,0.272216974952178,0.403526977248137,3.11232220760349,0.00601773565289725,0.307529306396003,8.64281076496703E-4,,-1.21531679898534,0.0,0.0,0.675235756998687,7.78380157316144,1.01650357584252,0.463292259320564,0.53367423943787,0.0867488399661807,0.00553145821598716,,0.1340691587599,0.698918935651503,-0.0185445356140799,-0.110293911706546,0.0867488399661807,-1.92410132492236E8,-0.25,26.5179314489624,33.63532859036
"002236","2014-05-27",68.4837361815619,5.25672254570895,108.118005950177,3.32969514963026,1.41,57.31,1.23197722049341,,-0.07,0.35,0.32,26.8,32.58,27.42,26.32,28.63,105.0,1.47505598697919,16.21,0.426923702205883,64.8425249205671,5.55191212003241,27.01,34.06,27.65,26.47,28.87,0.910400219498642,0.539707645951438,0.206306908747206,53.37,16.94,,46.33,6.95,25.5286854042707,5.26789207232284,0.91,0.91,0.97,0.272370362148832,1.01,0.929544648324046,0.431933811340191,0.61,0.76,0.55,0.88,0.86,0.573076297794117,0.206306908747206,0.169386688552786,0.202740800632424,0.0990013468855031,0.169386688552786,0.259435868374819,0.138450205920722,-0.00598616914077555,2.70488070595192,1.98976739943324,0.481535382999351,0.00847904840341177,-0.0515492444990163,-284.06707948638,0.880434782608696,0.021739130434783,-2.0,0.0572174085603972,2.65110547366632E-5,-11.0,0.273960820984263,-0.00544092729059835,13.0,0.466089169855649,0.467399835918157,22.5196011318211,24.1373376716963,24.0897945002392,1.07985501010794,0.0336067341663915,-0.067372060060798,0.730190639189126,0.0232150555708999,0.686577511578172,0.262411657217409,2.61641391567197,-0.484185390465572,0.626043840364916,0.00926452588141574,0.00760370189479763,0.00676518790196636,2.47978372045065,0.14403733676273,0.00395521503045239,0.00417392703887441,,0.0280678226877259,0.47750873638856,0.183592614216202,0.272216974952178,0.403526977248137,3.11232220760349,0.00601773565289725,0.307529306396003,8.71266472954639E-4,,-1.21531679898534,0.0,0.0,0.675235756998687,7.78380157316144,1.01650357584252,0.463292259320564,0.53367423943787,0.0867488399661807,0.00553145821598716,,0.1340691587599,0.698918935651503,-0.0185445356140799,-0.110293911706546,0.0867488399661807,-2.66033792026565E8,-0.25,28.1093408161583,19.3968631471035
"002236","2014-05-28",68.4837361815619,5.25672254570895,108.118005950177,3.32969514963026,1.41,57.31,1.23197722049341,0.09,-0.03,0.5,0.32,26.6,32.45,27.31,26.17,28.55,105.0,1.47505598697919,16.21,0.426923702205883,64.8425249205671,5.55191212003241,26.79,33.92,27.57,26.29,28.8,0.910400219498642,0.539707645951438,0.206306908747206,53.37,16.94,,46.33,6.96,25.5581983353739,5.27398212096136,0.92,0.94,0.97,0.272370362148832,1.01,0.929544648324046,0.431933811340191,0.73,0.77,0.6,1.07,0.87,0.573076297794117,0.206306908747206,0.169386688552786,0.202740800632424,0.0990013468855031,0.169386688552786,0.259435868374819,0.138450205920722,-0.00598616914077555,2.70488070595192,1.98976739943324,0.481535382999351,0.00847904840341177,-0.0515492444990163,-284.395480734341,0.880434782608696,0.021739130434783,-1.0,0.0572394576581083,2.65212709427274E-5,-10.0,0.27406639355497,-0.00544302398704944,12.0,0.466089169855649,0.467399835918157,22.5196011318211,24.1369523894723,24.0894092180152,1.04352308086055,0.0327111193500271,-0.0647817087388829,0.729836607557934,0.0231961024816297,0.6881699312322,0.263236308470949,2.6142667598917,-0.497261355726642,0.625658860491729,0.00889265227937548,0.00763369619402605,0.00677276611506217,2.47420260140912,0.144092842480172,0.00395673919809418,0.00417392703887441,,0.0280678226877259,0.47750873638856,0.183592614216202,0.272216974952178,0.403526977248137,3.11232220760349,0.00601773565289725,0.307529306396003,8.71601928475031E-4,,-1.21531679898534,0.0,0.0,0.675235756998687,7.78380157316144,1.01650357584252,0.463292259320564,0.53367423943787,0.0867488399661807,0.00553145821598716,,0.1340691587599,0.698918935651503,-0.0185445356140799,-0.110293911706546,0.0867488399661807,-3.72352252209698E8,-0.25,30.608953357659,18.8848669728746
"002236","2014-05-29",68.4837361815619,5.25672254570895,108.118005950177,3.32969514963026,1.41,57.31,1.23197722049341,0.21,0.01,0.7,0.32,26.5,32.32,27.21,26.09,28.46,105.0,1.47505598697919,16.21,0.426923702205883,64.8425249205671,5.55191212003241,26.65,33.79,27.49,26.08,28.72,0.910400219498642,0.539707645951438,0.206306908747206,53.37,16.94,,46.33,7.05,25.8828405775091,5.34097265598512,0.95,0.94,0.96,0.272370362148832,1.01,0.929544648324046,0.431933811340191,0.84,0.78,0.64,1.26,0.88,0.573076297794117,0.206306908747206,0.169386688552786,0.202740800632424,0.0990013468855031,0.169386688552786,0.259435868374819,0.138450205920722,-0.00598616914077555,2.70488070595192,1.98976739943324,0.481535382999351,0.00847904840341177,-0.0515492444990163,-288.007894461914,0.880434782608696,0.00543478260869601,-1.0,0.0571733612866787,-8.44394403293811E-5,-10.0,0.27374991965941,-0.00385606723481345,10.0,0.466089169855649,0.467399835918157,22.5196011318211,24.1381077911029,24.0905646196458,1.07090284631093,0.0313832816898045,-0.0635981971380355,0.731083581127807,0.023192062598731,0.6881699312322,0.263236308470949,2.6142667598917,-0.483887790502258,0.627170641063844,0.00881586530719579,0.00771206580470895,0.00681155860578295,2.42140470631942,0.143926453516569,0.00395217021518645,0.00417392703887441,,0.0280678226877259,0.47750873638856,0.183592614216202,0.272216974952178,0.403526977248137,3.11232220760349,0.00601773565289725,0.307529306396003,8.70596335963449E-4,,-1.21531679898534,0.0,0.0,0.675235756998687,7.78380157316144,1.01650357584252,0.463292259320564,0.53367423943787,0.0867488399661807,0.00553145821598716,,0.1340691587599,0.698918935651503,-0.0185445356140799,-0.110293911706546,0.0867488399661807,-4.35343791018293E8,-0.25,19.0552624419028,17.1141464400068
"002236","2014-05-30",68.4837361815619,5.25672254570895,108.118005950177,3.32969514963026,1.41,57.31,1.23197722049341,0.28,0.04,0.81,0.32,26.48,32.21,27.14,26.3,28.41,105.0,1.47505598697919,16.21,0.426923702205883,64.8425249205671,5.55191212003241,26.56,33.68,27.4,26.2,28.67,0.910400219498642,0.539707645951438,0.206306908747206,53.37,16.94,,46.33,7.18,26.3747227625625,5.44247346662718,0.97,0.94,1.02,0.272370362148832,1.01,0.929544648324046,0.431933811340191,0.92,0.79,0.68,1.22,0.87,0.573076297794117,0.206306908747206,0.169386688552786,0.202740800632424,0.0990013468855031,0.169386688552786,0.259435868374819,0.138450205920722,-0.00598616914077555,2.70488070595192,1.98976739943324,0.481535382999351,0.00847904840341177,-0.0515492444990163,-293.481248594599,0.869047619047619,-0.00595238095238104,-3.0,0.0563667599570637,-2.06588247629238E-4,-10.0,0.271141082187128,-0.00298295960351907,8.0,0.46376525079208,0.471876909478706,22.5196011318211,24.1507298749126,24.1031867034555,1.07090284631093,0.0306748273277335,-0.0634797810561135,0.725902018541721,0.0229786244942265,0.702332651308323,0.267235145630373,2.62814477359111,-0.456979721604121,0.622644310316329,0.00881845786657073,0.00781051896365978,0.0068451102974032,2.38673678508919,0.142121218637798,0.00390259909504158,0.00417392703887441,,0.0280678226877259,0.47750873638856,0.183592614216202,0.272216974952178,0.403526977248137,3.11232220760349,0.00601773565289725,0.307529306396003,8.59686043077603E-4,,-1.21531679898534,0.0,0.0,0.675235756998687,7.78380157316144,1.01650357584252,0.463292259320564,0.53367423943787,0.0867488399661807,0.00553145821598716,,0.1340691587599,0.698918935651503,-0.0185445356140799,-0.110293911706546,0.0867488399661807,-4.38480690579233E8,-0.25,23.4678851760034,29.9819241983542
"002236","2014-06-03",68.4837361815619,5.25672254570895,108.118005950177,3.32969514963026,1.41,57.31,1.23197722049341,0.32,0.05,0.7,0.32,26.43,32.1,27.05,26.38,28.34,105.0,1.47505598697919,16.21,0.426923702205883,64.8425249205671,5.55191212003241,26.47,33.56,27.29,26.3,28.62,0.910400219498642,0.539707645951438,0.206306908747206,53.37,16.94,,46.33,7.09,26.0304052330252,5.37142289917773,0.97,0.92,1.02,0.272370362148832,1.01,0.929544648324046,0.431933811340191,0.97,0.79,0.69,1.1,0.87,0.573076297794117,0.206306908747206,0.169386688552786,0.202740800632424,0.0990013468855031,0.169386688552786,0.259435868374819,0.138450205920722,-0.00598616914077555,2.70488070595192,1.98976739943324,0.481535382999351,0.00847904840341177,-0.0515492444990163,-289.649900701719,0.869047619047619,-0.00595238095238104,-5.0,0.0553155335498077,-2.02735426897623E-4,-10.0,0.266084366741639,-0.0029273281301226,6.0,0.46376525079208,0.471876909478706,22.5196011318211,24.1695557321083,24.1220125606512,0.999612262634667,0.0305573959083723,-0.0677782313694412,0.725510332295231,0.0230571928098619,0.710851151464745,0.270243749709949,2.63040737196586,-0.422443591646469,0.627483804187474,0.00880138011685207,0.00791552427977844,0.00688636457361833,2.36111825819049,0.139470692367044,0.00382981656809191,0.00417392703887441,,0.0280678226877259,0.47750873638856,0.183592614216202,0.272216974952178,0.403526977248137,3.11232220760349,0.00601773565289725,0.307529306396003,8.43666633255746E-4,,-1.21531679898534,0.0,0.0,0.675235756998687,7.78380157316144,1.01650357584252,0.463292259320564,0.53367423943787,0.0867488399661807,0.00553145821598716,,0.1340691587599,0.698918935651503,-0.0185445356140799,-0.110293911706546,0.0867488399661807,-4.0481635043769E8,-0.0833333333333333,33.6266787628802,34.1241840860784
"002236","2014-06-04",68.4837361815619,5.25672254570895,108.118005950177,3.32969514963026,1.41,57.31,1.23197722049341,0.34,0.05,0.53,0.32,26.37,31.98,26.91,26.36,28.29,105.0,1.47505598697919,16.21,0.426923702205883,64.8425249205671,5.55191212003241,26.41,33.44,27.13,26.34,28.59,0.910400219498642,0.539707645951438,0.206306908747206,53.37,16.94,,46.33,7.0,25.7254382782921,5.30849239657966,0.98,0.89,1.01,0.272370362148832,1.01,0.929544648324046,0.431933811340191,0.97,0.79,0.68,1.07,0.85,0.573076297794117,0.206306908747206,0.169386688552786,0.202740800632424,0.0990013468855031,0.169386688552786,0.259435868374819,0.138450205920722,-0.00598616914077555,2.70488070595192,1.98976739943324,0.481535382999351,0.00847904840341177,-0.0515492444990163,-286.256421139454,0.875,0.0,-5.0,0.0544058758559475,-3.79916088168912E-4,-11.0,0.262573798221374,-0.00288870659775699,5.0,0.458942266178525,0.471876909478706,22.5196011318211,24.1564149385472,24.1352938087456,1.02410989423507,0.0305573959083723,-0.0680855179569076,0.731082450941044,0.0230488956212669,0.741311015792244,0.285510402871758,2.59644134972278,-0.382044811895227,0.614342943951177,0.00871438219662741,0.00794698693892719,0.00688034177680534,2.35496575304629,0.137630593949693,0.00377928810733725,0.00417392703887441,,0.0280678226877259,0.47750873638856,0.183592614216202,0.272216974952178,0.403526977248137,3.11232220760349,0.00601773565289725,0.307529306396003,8.32545033852197E-4,,-1.21531679898534,0.0,0.0,0.675235756998687,7.78380157316144,1.01650357584252,0.463292259320564,0.53367423943787,0.0867488399661807,0.00553145821598716,,0.1340691587599,0.698918935651503,-0.0185445356140799,-0.110293911706546,0.0867488399661807,-3.2739052021555E8,-0.0833333333333333,34.521407967421,36.8431229470051
"002236","2014-06-05",68.4837361815619,5.25672254570895,108.118005950177,3.32969514963026,1.41,57.31,1.23197722049341,0.34,0.03,0.51,0.32,26.33,31.87,26.82,26.36,28.25,105.0,1.47505598697919,16.21,0.426923702205883,64.8425249205671,5.55191212003241,26.35,33.33,27.02,26.4,28.57,0.910400219498642,0.539707645951438,0.206306908747206,53.37,16.94,,46.33,7.03,25.8336523590038,5.33082257492091,0.98,0.92,1.01,0.272370362148832,1.01,0.929544648324046,0.431933811340191,1.0,0.79,0.69,0.92,0.84,0.573076297794117,0.206306908747206,0.169386688552786,0.202740800632424,0.0990013468855031,0.169386688552786,0.259435868374819,0.138450205920722,-0.00598616914077555,2.70488070595192,1.98976739943324,0.481535382999351,0.00847904840341177,-0.0515492444990163,-287.460559048645,0.875,-0.010714285714286,-7.0,0.0550508403498421,-4.29308694003089E-4,-11.0,0.265686527760518,-5.24172253178422E-4,3.0,0.458942266178525,0.471876909478706,22.5196011318211,24.1446299703714,24.1235088405697,1.0149519564503,0.0305573959083723,-0.0692745046713358,0.747992763889665,0.022929300288027,0.739191913407544,0.28445625083594,2.59861371031665,-0.378028296764334,0.585686914745936,0.0086880097496869,0.00795515981669286,0.00687270324884569,2.35435632318579,0.139262161220224,0.0038240903755313,0.00417392703887441,,0.0280678226877259,0.47750873638856,0.183592614216202,0.272216974952178,0.403526977248137,3.11232220760349,0.00601773565289725,0.307529306396003,8.42406278392674E-4,,-1.21531679898534,0.0,0.0,0.675235756998687,7.78380157316144,1.01650357584252,0.463292259320564,0.53367423943787,0.0867488399661807,0.00553145821598716,,0.1340691587599,0.698918935651503,-0.0185445356140799,-0.110293911706546,0.0867488399661807,-2.4132385124164E8,-0.166666666666667,32.0796356815317,35.9783530893973
"002236","2014-06-06",68.4837361815619,5.25672254570895,108.118005950177,3.32969514963026,1.41,57.31,1.23197722049341,0.34,0.03,0.33,0.32,26.23,31.76,26.73,26.28,28.19,105.0,1.47505598697919,16.21,0.426923702205883,64.8425249205671,5.55191212003241,26.22,33.22,26.92,26.35,28.54,0.910400219498642,0.539707645951438,0.206306908747206,53.37,16.94,,46.33,6.98,25.6368994849824,5.29022225066409,0.95,0.93,0.99,0.272370362148832,1.01,0.929544648324046,0.431933811340191,0.99,0.8,0.69,0.72,0.82,0.573076297794117,0.206306908747206,0.169386688552786,0.202740800632424,0.0990013468855031,0.169386688552786,0.259435868374819,0.138450205920722,-0.00598616914077555,2.70488070595192,1.98976739943324,0.481535382999351,0.00847904840341177,-0.0515492444990163,-285.271217395571,0.875,-0.010714285714286,-9.0,0.054820238962238,-4.27510371217851E-4,-11.0,0.264573598664796,-5.21976558286966E-4,1.0,0.458942266178525,0.471876909478706,22.5196011318211,24.1488276487351,24.1277065189334,0.980937077863024,0.0305155439259504,-0.0710932818062603,0.744839187264989,0.0229318288538476,0.729418404363962,0.280806814233612,2.59758085413531,-0.386800800416736,0.587157318433384,0.00848702617636403,0.00798439441561706,0.00687933622487003,2.34632756884962,0.138678808678936,0.00380807171820806,0.00417392703887441,,0.0280678226877259,0.47750873638856,0.183592614216202,0.272216974952178,0.403526977248137,3.11232220760349,0.00601773565289725,0.307529306396003,8.38880499412428E-4,,-1.21531679898534,0.0,0.0,0.675235756998687,7.78380157316144,1.01650357584252,0.463292259320564,0.53367423943787,0.0867488399661807,0.00553145821598716,,0.1340691587599,0.698918935651503,-0.0185445356140799,-0.110293911706546,0.0867488399661807,-1.3070733267751E8,0.0,37.299825495756,35.1757564774762
"002236","2014-06-09",68.4837361815619,5.25672254570895,108.118005950177,3.32969514963026,1.41,57.31,1.23197722049341,0.46,0.09,0.41,0.32,25.93,31.62,26.51,25.62,28.07,105.0,1.47505598697919,16.21,0.426923702205883,64.8425249205671,5.55191212003241,26.02,33.09,26.76,25.84,28.45,0.910400219498642,0.539707645951438,0.206306908747206,53.37,16.94,,46.33,6.49,23.8366106876871,4.91872928371415,0.93,0.88,0.9,0.272370362148832,1.01,0.929544648324046,0.431933811340191,1.05,0.81,0.77,0.88,0.8,0.573076297794117,0.206306908747206,0.169386688552786,0.202740800632424,0.0990013468855031,0.169386688552786,0.259435868374819,0.138450205920722,-0.00598616914077555,2.70488070595192,1.98976739943324,0.481535382999351,0.00847904840341177,-0.0515492444990163,-265.238741269942,0.881578947368421,-0.00413533834586499,-11.0,0.0552409622083028,-4.30791341066031E-4,-11.0,0.26660409443352,-5.2598251805893E-4,-1.0,0.458942266178525,0.471876909478706,22.5196011318211,24.1411823515571,24.1200612217555,0.975681076457091,0.0305155439259504,-0.0660584364284137,0.735080564233383,0.0227685722484452,0.759045856118537,0.292678191108586,2.59344863805354,-0.415612547679691,0.575095165495086,0.00830204561318952,0.00798795822001875,0.00687888473329472,2.33064180206134,0.139743112659588,0.00383729713431096,0.00417392703887441,,0.0280678226877259,0.47750873638856,0.183592614216202,0.272216974952178,0.403526977248137,3.11232220760349,0.00601773565289725,0.307529306396003,8.45313127061809E-4,,-1.21531679898534,0.0,0.0,0.675235756998687,7.78380157316144,1.01650357584252,0.463292259320564,0.53367423943787,0.0867488399661807,0.00553145821598716,,0.1340691587599,0.698918935651503,-0.0185445356140799,-0.110293911706546,0.0867488399661807,-5.92081157978969E7,0.0,40.041644272729,34.8044088901484
"002236","2014-06-10",68.4837361815619,5.25672254570895,108.118005950177,3.32969514963026,1.41,57.31,1.23197722049341,0.47,0.13,0.46,0.32,25.7,31.49,26.3,25.18,27.97,105.0,1.47505598697919,16.21,0.426923702205883,64.8425249205671,5.55191212003241,25.87,32.96,26.56,25.43,28.36,0.910400219498642,0.539707645951438,0.206306908747206,53.37,16.94,,46.33,6.54,24.0235259180073,4.95729959175814,0.94,0.86,0.92,0.272370362148832,1.01,0.929544648324046,0.431933811340191,1.05,0.82,0.82,1.0,0.8,0.573076297794117,0.206306908747206,0.169386688552786,0.202740800632424,0.0990013468855031,0.169386688552786,0.259435868374819,0.138450205920722,-0.00598616914077555,2.70488070595192,1.98976739943324,0.481535382999351,0.00847904840341177,-0.0515492444990163,-267.318615840362,0.881578947368421,0.021284829721362,-9.0,0.0594131025649348,-3.36912936037407E-4,-10.0,0.286739690505057,-0.00186038611252521,-2.0,0.458942266178525,0.471876909478706,22.5196011318211,24.0683723146889,24.0472511848872,0.976083329077157,0.0305155439259504,-0.0796214312540525,0.736018448064104,0.0231422078907261,0.70106229000242,0.263915029190958,2.65639396191855,-0.488422544589358,0.502285168585418,0.00833594778881057,0.00812335002237104,0.00693041617313589,2.37624056953392,0.150297379938459,0.00412711363269268,0.00417392703887441,,0.0280678226877259,0.47750873638856,0.183592614216202,0.272216974952178,0.403526977248137,3.11232220760349,0.00601773565289725,0.307529306396003,9.09098381593665E-4,,-1.21531679898534,0.0,0.0,0.675235756998687,7.78380157316144,1.01650357584252,0.463292259320564,0.53367423943787,0.0867488399661807,0.00553145821598716,,0.1340691587599,0.698918935651503,-0.0185445356140799,-0.110293911706546,0.0867488399661807,-1.402507234436E8,-0.166666666666667,26.0754872892392,31.1267833890107
"002236","2014-06-11",68.4837361815619,5.25672254570895,108.118005950177,3.32969514963026,1.41,57.31,1.23197722049341,0.39,0.14,0.43,0.32,25.5,31.36,26.11,24.89,27.86,105.0,1.47505598697919,16.21,0.426923702205883,64.8425249205671,5.55191212003241,25.73,32.84,26.37,25.1,28.28,0.910400219498642,0.539707645951438,0.206306908747206,53.37,16.94,,46.33,6.57,24.112064711317,4.97556973767371,0.94,0.86,0.94,0.272370362148832,1.01,0.929544648324046,0.431933811340191,1.06,0.82,0.83,1.04,0.8,0.573076297794117,0.206306908747206,0.169386688552786,0.202740800632424,0.0990013468855031,0.169386688552786,0.259435868374819,0.138450205920722,-0.00598616914077555,2.70488070595192,1.98976739943324,0.481535382999351,0.00847904840341177,-0.0515492444990163,-268.303819584246,0.881578947368421,0.021284829721362,-8.0,0.0589508384581642,-3.34291582317214E-4,-11.0,0.284508710112102,-0.00184591136390196,-3.0,0.458942266178525,0.471876909478706,22.5196011318211,24.076183248543,24.0550621187413,0.973934001193803,0.0305063444208837,-0.0786948640247457,0.735948931300986,0.023092709273424,0.70106229000242,0.263915029190958,2.65639396191855,-0.480611438531604,0.510096274643172,0.00813032870195439,0.00822207167941912,0.00696201064469465,2.35228425344128,0.149127990004458,0.00409500259296247,0.00417392703887441,,0.0280678226877259,0.47750873638856,0.183592614216202,0.272216974952178,0.403526977248137,3.11232220760349,0.00601773565289725,0.307529306396003,9.02031514854163E-4,,-1.21531679898534,0.0,0.0,0.675235756998687,7.78380157316144,1.01650357584252,0.463292259320564,0.53367423943787,0.0867488399661807,0.00553145821598716,,0.1340691587599,0.698918935651503,-0.0185445356140799,-0.110293911706546,0.0867488399661807,-2.81606252913899E8,-0.166666666666667,22.0533151776545,29.555820201873
"002236","2014-06-12",68.4837361815619,5.25672254570895,108.118005950177,3.32969514963026,1.41,57.31,1.23197722049341,0.38,0.14,0.45,0.32,25.29,31.22,25.91,24.58,27.73,105.0,1.47505598697919,16.21,0.426923702205883,64.8425249205671,5.55191212003241,25.56,32.7,26.18,24.7,28.16,0.910400219498642,0.539707645951438,0.206306908747206,53.37,16.94,,46.33,6.51,23.8956365498935,4.9309093809912,0.93,0.86,0.92,0.272370362148832,1.01,0.929544648324046,0.431933811340191,0.99,0.82,0.86,1.06,0.77,0.573076297794117,0.206306908747206,0.169386688552786,0.202740800632424,0.0990013468855031,0.169386688552786,0.259435868374819,0.138450205920722,-0.00598616914077555,2.70488070595192,1.98976739943324,0.481535382999351,0.00847904840341177,-0.0515492444990163,-265.895543765864,0.881578947368421,0.021284829721362,-6.0,0.0587343727110718,-3.68088623833847E-4,-11.0,0.283464002486232,-0.00183913323159877,-5.0,0.458942266178525,0.471876909478706,22.5196011318211,24.0798619774004,24.0587408475988,0.94758422587102,0.029610905022976,-0.0779161520485627,0.73599493504921,0.0230461271240506,0.705222367971642,0.266199181985471,2.64922815581805,-0.47693297089144,0.487347400869383,0.00802075912033534,0.00825616032911991,0.00696375384624679,2.34772566337584,0.148580396405911,0.00407996586373495,0.00417392703887441,,0.0280678226877259,0.47750873638856,0.183592614216202,0.272216974952178,0.403526977248137,3.11232220760349,0.00601773565289725,0.307529306396003,8.98722258407209E-4,,-1.21531679898534,0.0,0.0,0.675235756998687,7.78380157316144,1.01650357584252,0.463292259320564,0.53367423943787,0.0867488399661807,0.00553145821598716,,0.1340691587599,0.698918935651503,-0.0185445356140799,-0.110293911706546,0.0867488399661807,-3.80937230397926E8,0.0,30.0480139924063,33.6483094829913
"002236","2014-06-13",68.4837361815619,5.25672254570895,108.118005950177,3.32969514963026,1.41,57.31,1.23197722049341,0.32,0.16,0.48,0.32,25.11,31.08,25.75,24.41,27.62,105.0,1.47505598697919,16.21,0.426923702205883,64.8425249205671,5.55191212003241,25.38,32.56,26.02,24.39,28.05,0.910400219498642,0.539707645951438,0.206306908747206,53.37,16.94,,46.33,6.56,24.1022270676159,4.97353972146087,0.93,0.88,0.94,0.272370362148832,1.01,0.929544648324046,0.431933811340191,0.93,0.83,0.88,1.14,0.75,0.573076297794117,0.206306908747206,0.169386688552786,0.202740800632424,0.0990013468855031,0.169386688552786,0.259435868374819,0.138450205920722,-0.00598616914077555,2.70488070595192,1.98976739943324,0.481535382999351,0.00847904840341177,-0.0515492444990163,-268.194352501592,0.881578947368421,0.021284829721362,-4.0,0.0592156203577526,-4.22145279074871E-4,-11.0,0.286031399791583,-0.00185579067544198,-7.0,0.457693637975268,0.471876909478706,22.5196011318211,24.0708455228745,24.0497243930728,0.962088912073902,0.0286188053056526,-0.0782198188253982,0.735872776266881,0.0229972797889371,0.702507505654571,0.26553630955197,2.64561749329079,-0.485949588972693,0.47866079732382,0.00793862576369532,0.00826773270475349,0.0069637239122019,2.34044925507675,0.149926122515804,0.00411691903335297,0.00417392703887441,,0.0280678226877259,0.47750873638856,0.183592614216202,0.272216974952178,0.403526977248137,3.11232220760349,0.00601773565289725,0.307529306396003,9.0685480655532E-4,,-1.21531679898534,0.0,0.0,0.675235756998687,7.78380157316144,1.01650357584252,0.463292259320564,0.53367423943787,0.0867488399661807,0.00553145821598716,,0.1340691587599,0.698918935651503,-0.0185445356140799,-0.110293911706546,0.0867488399661807,-4.86615968276508E8,0.0,29.9759759844543,29.5526891413332
"002236","2014-06-16",68.4837361815619,5.25672254570895,108.118005950177,3.32969514963026,1.41,57.31,1.23197722049341,0.29,0.19,0.64,0.32,24.9,30.95,25.58,24.4,27.51,105.0,1.47505598697919,16.21,0.426923702205883,64.8425249205671,5.55191212003241,25.13,32.42,25.85,24.41,27.96,0.910400219498642,0.539707645951438,0.206306908747206,53.37,16.94,,46.33,6.52,23.9349871246977,4.93902944584257,0.91,0.88,1.0,0.272370362148832,1.01,0.929544648324046,0.431933811340191,0.94,0.83,0.93,1.01,0.75,0.573076297794117,0.206306908747206,0.169386688552786,0.202740800632424,0.0990013468855031,0.169386688552786,0.259435868374819,0.138450205920722,-0.00598616914077555,2.70488070595192,1.98976739943324,0.481535382999351,0.00847904840341177,-0.0515492444990163,-266.333412096479,0.881578947368421,0.021284829721362,-2.0,0.0587080578975433,-4.18526890968515E-4,-11.0,0.283579702079083,-0.00183988389822391,-9.0,0.457693637975268,0.471876909478706,22.5196011318211,24.0794538974111,24.0583327676094,0.947073638221506,0.0279989574852677,-0.0812344060235273,0.740655085077139,0.0229756880117386,0.696245716442458,0.255825128122861,2.72156891526341,-0.496584195701523,0.443019365661855,0.00775979540035007,0.00831041014943957,0.00697150430611843,2.32606117801731,0.148641041465668,0.00408163115592423,0.00417392703887441,,0.0280678226877259,0.47750873638856,0.183592614216202,0.272216974952178,0.403526977248137,3.11232220760349,0.00601773565289725,0.307529306396003,8.99088754010201E-4,,-1.21531679898534,0.0,0.0,0.675235756998687,7.78380157316144,1.01650357584252,0.463292259320564,0.53367423943787,0.0867488399661807,0.00553145821598716,,0.1340691587599,0.698918935651503,-0.0185445356140799,-0.110293911706546,0.0867488399661807,-5.53135829506504E8,0.166666666666667,33.4097011826031,36.3751464219944
"002236","2014-06-17",68.4837361815619,5.25672254570895,108.118005950177,3.32969514963026,1.41,57.31,1.23197722049341,0.26,0.22,0.44,0.32,24.68,30.8,25.41,24.28,27.4,105.0,1.47505598697919,16.21,0.426923702205883,64.8425249205671,5.55191212003241,24.88,32.27,25.68,24.33,27.87,0.910400219498642,0.539707645951438,0.206306908747206,53.37,16.94,,46.33,6.43,23.6005072388614,4.87000889460597,0.91,0.88,0.98,0.272370362148832,1.01,0.929544648324046,0.431933811340191,0.96,0.84,0.96,0.91,0.74,0.573076297794117,0.206306908747206,0.169386688552786,0.202740800632424,0.0990013468855031,0.169386688552786,0.259435868374819,0.138450205920722,-0.00598616914077555,2.70488070595192,1.98976739943324,0.481535382999351,0.00847904840341177,-0.0515492444990163,-262.611531286253,0.892857142857143,0.032563025210084,1.0,0.0591442733433197,-3.9544417902052E-4,-10.0,0.287765076283352,3.51189869704932E-4,-10.0,0.45833490063871,0.483236693525255,22.5196011318211,24.0724909366559,24.0513698068542,0.923594323525442,0.0275361578086057,-0.0783327816737224,0.738065215917638,0.0229411186205633,0.696245716442458,0.255825128122861,2.72156891526341,-0.503547751726708,0.43605580963667,0.0076196162678587,0.00840327876209736,0.00699534542142871,2.29207669456017,0.149679634850344,0.00411015056802892,0.00417392703887441,,0.0280678226877259,0.47750873638856,0.183592614216202,0.272216974952178,0.403526977248137,3.11232220760349,0.00601773565289725,0.307529306396003,9.05365231920313E-4,,-1.21531679898534,0.0,0.0,0.675235756998687,7.78380157316144,1.01650357584252,0.463292259320564,0.53367423943787,0.0867488399661807,0.00553145821598716,,0.1340691587599,0.698918935651503,-0.0185445356140799,-0.110293911706546,0.0867488399661807,-6.1615412787476E8,0.0,31.7073933402327,37.0232715964233
"002236","2014-06-18",68.4837361815619,5.25672254570895,108.118005950177,3.32969514963026,1.41,57.31,1.23197722049341,0.36,0.28,0.54,0.32,24.66,30.67,25.34,24.48,27.33,105.0,1.47505598697919,16.21,0.426923702205883,64.8425249205671,5.55191212003241,24.77,32.13,25.6,24.43,27.82,0.910400219498642,0.539707645951438,0.206306908747206,53.37,16.94,,46.33,6.71,24.6334598274735,5.08316059695429,0.96,0.93,1.02,0.272370362148832,1.01,0.929544648324046,0.431933811340191,1.11,0.85,1.04,1.17,0.76,0.573076297794117,0.206306908747206,0.169386688552786,0.202740800632424,0.0990013468855031,0.169386688552786,0.259435868374819,0.138450205920722,-0.00598616914077555,2.70488070595192,1.98976739943324,0.481535382999351,0.00847904840341177,-0.0515492444990163,-274.105574964892,0.892857142857143,0.032563025210084,2.0,0.0599824998100446,-4.01048640082086E-4,-11.0,0.291843447518714,3.56167133385618E-4,-9.0,0.45833490063871,0.483236693525255,22.5196011318211,24.058417856712,24.0372967269104,0.945508858682664,0.0273893525586915,-0.0758284821535163,0.729783186308947,0.0229323089056015,0.696894634511769,0.255894447316027,2.72336755182152,-0.513155105661287,0.421982826116252,0.00756969489051303,0.00843142835520627,0.00700974056635862,2.27885969410494,0.151800980237969,0.00416840197249452,0.00417392703887441,,0.0280678226877259,0.47750873638856,0.183592614216202,0.272216974952178,0.403526977248137,3.11232220760349,0.00601773565289725,0.307529306396003,9.18184804215832E-4,,-1.21531679898534,0.0,0.0,0.675235756998687,7.78380157316144,1.01650357584252,0.463292259320564,0.53367423943787,0.0867488399661807,0.00553145821598716,,0.1340691587599,0.698918935651503,-0.0185445356140799,-0.110293911706546,0.0867488399661807,-6.27913932615509E8,-0.166666666666667,24.3363095440324,36.5526584925829
"002236","2014-06-19",68.4837361815619,5.25672254570895,108.118005950177,3.32969514963026,1.41,57.31,1.23197722049341,0.44,0.32,0.65,0.32,24.57,30.54,25.25,24.55,27.24,105.0,1.47505598697919,16.21,0.426923702205883,64.8425249205671,5.55191212003241,24.61,31.98,25.48,24.51,27.74,0.910400219498642,0.539707645951438,0.206306908747206,53.37,16.94,,46.33,6.61,24.259629366833,5.00601998086632,0.94,0.92,1.02,0.272370362148832,1.01,0.929544648324046,0.431933811340191,1.18,0.86,1.09,1.29,0.76,0.573076297794117,0.206306908747206,0.169386688552786,0.202740800632424,0.0990013468855031,0.169386688552786,0.259435868374819,0.138450205920722,-0.00598616914077555,2.70488070595192,1.98976739943324,0.481535382999351,0.00847904840341177,-0.0515492444990163,-269.945825824051,0.925,0.0540322580645161,4.0,0.0576938625500561,-1.57628157553284E-4,-13.0,0.27960560327372,3.4123200998087E-4,-9.0,0.464085367499413,0.483236693525255,22.5196011318211,24.1012553260923,24.0801341962907,0.947379914225532,0.0273893525586915,-0.0833629554442977,0.726289082767351,0.0231258474590221,0.717461270983966,0.259157207854922,2.76844034909346,-0.436433369121146,0.445110262184577,0.00764878560059795,0.00856686779104364,0.00705363536487347,2.26310275964793,0.145435523798277,0.00399360875879168,0.00417392703887441,,0.0280678226877259,0.47750873638856,0.183592614216202,0.272216974952178,0.403526977248137,3.11232220760349,0.00601773565289725,0.307529306396003,8.79716516876698E-4,,-1.21531679898534,0.0,0.0,0.675235756998687,7.78380157316144,1.01650357584252,0.463292259320564,0.53367423943787,0.0867488399661807,0.00553145821598716,,0.1340691587599,0.698918935651503,-0.0185445356140799,-0.110293911706546,0.0867488399661807,-5.58325847543394E8,-0.166666666666667,32.5444305545365,48.2380152629642
"002236","2014-06-20",68.4837361815619,5.25672254570895,108.118005950177,3.32969514963026,1.41,57.31,1.23197722049341,0.47,0.34,0.69,0.32,24.56,30.41,25.17,24.69,27.16,105.0,1.47505598697919,16.21,0.426923702205883,64.8425249205671,5.55191212003241,24.5,31.84,25.37,24.61,27.66,0.910400219498642,0.539707645951438,0.206306908747206,53.37,16.94,,46.33,6.7,24.5941092526693,5.07504053210292,0.96,0.91,1.02,0.272370362148832,1.01,0.929544648324046,0.431933811340191,1.23,0.86,1.11,1.32,0.76,0.573076297794117,0.206306908747206,0.169386688552786,0.202740800632424,0.0990013468855031,0.169386688552786,0.259435868374819,0.138450205920722,-0.00598616914077555,2.70488070595192,1.98976739943324,0.481535382999351,0.00847904840341177,-0.0515492444990163,-273.667706634278,0.925,0.0540322580645161,6.0,0.0585829001724819,-1.60057139705362E-4,-15.0,0.283914205432845,3.46490248577493E-4,-9.0,0.464085367499413,0.483236693525255,22.5196011318211,24.0859632775966,24.064842147795,0.947379914225532,0.0273893525586915,-0.0858722882674167,0.696237408635718,0.0230993352601624,0.718919548172336,0.260244104783263,2.76248158924126,-0.45172550322717,0.432610553269728,0.00770225276919363,0.00863824867387326,0.00708375059035244,2.24763961889046,0.147676622705145,0.00405514855312829,0.00417392703887441,,0.0280678226877259,0.47750873638856,0.183592614216202,0.272216974952178,0.403526977248137,3.11232220760349,0.00601773565289725,0.307529306396003,8.9326046117273E-4,,-1.21531679898534,0.0,0.0,0.675235756998687,7.78380157316144,1.01650357584252,0.463292259320564,0.53367423943787,0.0867488399661807,0.00553145821598716,,0.1340691587599,0.698918935651503,-0.0185445356140799,-0.110293911706546,0.0867488399661807,-5.26008805963617E8,-0.166666666666667,32.3529922473773,47.2817731590364
"002236","2014-06-23",68.4837361815619,5.25672254570895,108.118005950177,3.32969514963026,1.41,57.31,1.23197722049341,0.51,0.35,0.7,0.32,24.68,30.29,25.15,24.89,27.09,105.0,1.47505598697919,16.21,0.426923702205883,64.8425249205671,5.55191212003241,24.6,31.7,25.32,24.79,27.6,0.910400219498642,0.539707645951438,0.206306908747206,53.37,16.94,,46.33,6.76,24.8203750577938,5.12173090499827,1.04,0.96,1.04,0.272370362148832,1.01,0.929544648324046,0.431933811340191,1.13,0.87,1.09,1.25,0.76,0.573076297794117,0.206306908747206,0.169386688552786,0.202740800632424,0.0990013468855031,0.169386688552786,0.259435868374819,0.138450205920722,-0.00598616914077555,2.70488070595192,1.98976739943324,0.481535382999351,0.00847904840341177,-0.0515492444990163,-276.185449535313,0.916666666666667,0.045698924731183,8.0,0.0580912225184737,1.47169425732185E-4,-13.0,0.282596132217156,0.00288493795939508,-9.0,0.471814187567659,0.49670596031079,22.5196011318211,24.0996566047286,24.078535474927,0.979328505521989,0.0273893525586915,-0.0862580066984772,0.705247683863123,0.0227020704144999,0.695824193022636,0.24481568397717,2.84223699118691,-0.411446762882863,0.471789052593875,0.00764316374409669,0.00869920074193162,0.0071019397506683,2.23825095999802,0.145668220636355,0.00399999853280574,0.00417392703887441,,0.0280678226877259,0.47750873638856,0.183592614216202,0.272216974952178,0.403526977248137,3.11232220760349,0.00601773565289725,0.307529306396003,8.8112282308242E-4,,-1.21531679898534,0.0,0.0,0.675235756998687,7.78380157316144,1.01650357584252,0.463292259320564,0.53367423943787,0.0867488399661807,0.00553145821598716,,0.1340691587599,0.698918935651503,-0.0185445356140799,-0.110293911706546,0.0867488399661807,-4.55528367762887E8,0.0,38.7915377528091,46.1617167073412
"002236","2014-06-24",68.4837361815619,5.25672254570895,108.118005950177,3.32969514963026,1.41,57.31,1.23197722049341,0.37,0.3,0.55,0.32,24.78,30.16,25.13,25.08,27.03,105.0,1.47505598697919,16.21,0.426923702205883,64.8425249205671,5.55191212003241,24.69,31.56,25.28,25.04,27.53,0.910400219498642,0.539707645951438,0.206306908747206,53.37,16.94,,46.33,6.76,24.840050345196,5.12579093742395,1.03,0.97,1.05,0.272370362148832,1.01,0.929544648324046,0.431933811340191,1.04,0.87,1.05,1.18,0.76,0.573076297794117,0.206306908747206,0.169386688552786,0.202740800632424,0.0990013468855031,0.169386688552786,0.259435868374819,0.138450205920722,-0.00598616914077555,2.70488070595192,1.98976739943324,0.481535382999351,0.00847904840341177,-0.0515492444990163,-276.40438370062,0.916666666666667,0.045698924731183,9.0,0.0575312262746357,1.47990279368889E-4,-12.0,0.280019948689215,0.00285863848533004,-8.0,0.471036137387932,0.49670596031079,22.5196011318211,24.1088145425134,24.0876934127117,0.946210433376473,0.0273893525586915,-0.0859942045880669,0.705587335226327,0.0226580461328719,0.704448184403652,0.248118809777741,2.83915671300648,-0.402289000407773,0.480946815068965,0.00763798686304728,0.00874857285553625,0.00711156607214316,2.22984951733285,0.144340289968643,0.00396353401982337,0.00417392703887441,,0.0280678226877259,0.47750873638856,0.183592614216202,0.272216974952178,0.403526977248137,3.11232220760349,0.00601773565289725,0.307529306396003,8.7309740457598E-4,,-1.21531679898534,0.0,0.0,0.675235756998687,7.78380157316144,1.01650357584252,0.463292259320564,0.53367423943787,0.0867488399661807,0.00553145821598716,,0.1340691587599,0.698918935651503,-0.0185445356140799,-0.110293911706546,0.0867488399661807,-3.92780772410337E8,0.0,40.1904891815587,46.2099945470942
"002236","2014-06-25",68.4837361815619,5.25672254570895,108.118005950177,3.32969514963026,1.41,57.31,1.23197722049341,0.3,0.26,0.51,0.32,24.9,30.04,25.14,25.21,26.97,105.0,1.47505598697919,16.21,0.426923702205883,64.8425249205671,5.55191212003241,24.78,31.41,25.26,25.13,27.48,0.910400219498642,0.539707645951438,0.206306908747206,53.37,16.94,,46.33,6.82,25.0663161503205,5.1724813103193,1.04,0.98,1.02,0.272370362148832,1.01,0.929544648324046,0.431933811340191,1.06,0.88,1.06,0.94,0.77,0.573076297794117,0.206306908747206,0.169386688552786,0.202740800632424,0.0990013468855031,0.169386688552786,0.259435868374819,0.138450205920722,-0.00598616914077555,2.70488070595192,1.98976739943324,0.481535382999351,0.00847904840341177,-0.0515492444990163,-278.922126601656,0.916666666666667,0.045698924731183,10.0,0.0574856569864974,1.47873059345627E-4,-11.0,0.279798150710056,0.00285637421722285,-7.0,0.471036137387932,0.49670596031079,22.5196011318211,24.1096069355818,24.0884858057801,0.953238966801059,0.024733330031693,-0.0856598036587376,0.702271798270715,0.0226261535171702,0.585502728624065,0.173209455852779,3.38031619429438,-0.340508683528737,0.481739539447693,0.00760504591992037,0.0087653434261468,0.00709759038514813,2.22743881933973,0.144225961026094,0.00396039458693638,0.00417392703887441,,0.0280678226877259,0.47750873638856,0.183592614216202,0.272216974952178,0.403526977248137,3.11232220760349,0.00601773565289725,0.307529306396003,8.72406445598735E-4,,-1.21531679898534,0.0,0.0,0.675235756998687,7.78380157316144,1.01650357584252,0.463292259320564,0.53367423943787,0.0867488399661807,0.00553145821598716,,0.1340691587599,0.698918935651503,-0.0185445356140799,-0.110293911706546,0.0867488399661807,-2.79801019507248E8,0.166666666666667,42.0119657821955,46.1111598554643
"002236","2014-06-26",68.4837361815619,5.25672254570895,108.118005950177,3.32969514963026,1.41,57.31,1.23197722049341,0.36,0.28,0.37,0.32,25.14,29.94,25.2,25.57,26.94,105.0,1.47505598697919,16.21,0.426923702205883,64.8425249205671,5.55191212003241,24.98,31.28,25.27,25.44,27.45,0.910400219498642,0.539707645951438,0.206306908747206,53.37,16.94,,46.33,7.03,25.8238147153027,5.32879255870807,1.08,1.01,1.06,0.272370362148832,1.01,0.929544648324046,0.431933811340191,1.13,0.89,1.06,0.96,0.78,0.573076297794117,0.206306908747206,0.169386688552786,0.202740800632424,0.0990013468855031,0.169386688552786,0.259435868374819,0.138450205920722,-0.00598616914077555,2.70488070595192,1.98976739943324,0.481535382999351,0.00847904840341177,-0.0515492444990163,-287.351091965991,0.916666666666667,0.036231884057971,10.0,0.0569667519195078,1.91574268641603E-4,-11.0,0.277272500213065,0.00542911072540467,-5.0,0.471036137387932,0.49670596031079,22.5196011318211,24.1186746105644,24.0975534807627,0.916135980099263,0.024733330031693,-0.0849954909500776,0.704362778631713,0.0226433975860256,0.550752191091648,0.165373845714077,3.33034639615185,-0.375111355754772,0.50946310486692,0.00764131796867374,0.00880907638129467,0.00708455179457549,2.21856851562951,0.142924078332373,0.00392464534223483,0.00417392703887441,,0.0280678226877259,0.47750873638856,0.183592614216202,0.272216974952178,0.403526977248137,3.11232220760349,0.00601773565289725,0.307529306396003,8.6453831334346E-4,,-1.21531679898534,0.0,0.0,0.675235756998687,7.78380157316144,1.01650357584252,0.463292259320564,0.53367423943787,0.0867488399661807,0.00553145821598716,,0.1340691587599,0.698918935651503,-0.0185445356140799,-0.110293911706546,0.0867488399661807,-1.07175859906359E8,0.333333333333333,68.0113523964983,51.5398262532646
"002236","2014-06-27",68.4837361815619,5.25672254570895,108.118005950177,3.32969514963026,1.41,57.31,1.23197722049341,0.37,0.24,0.28,0.32,25.3,29.82,25.22,25.73,26.9,105.0,1.47505598697919,16.21,0.426923702205883,64.8425249205671,5.55191212003241,25.12,31.15,25.25,25.63,27.41,0.910400219498642,0.539707645951438,0.206306908747206,53.37,16.94,,46.33,6.95,25.8238147153027,5.32879255870807,1.06,0.98,1.04,0.272370362148832,1.01,0.929544648324046,0.431933811340191,1.13,0.89,1.03,0.94,0.79,0.573076297794117,0.206306908747206,0.169386688552786,0.202740800632424,0.0990013468855031,0.169386688552786,0.259435868374819,0.138450205920722,-0.00598616914077555,2.70488070595192,1.98976739943324,0.481535382999351,0.00847904840341177,-0.0515492444990163,-283.848145321073,0.916666666666667,0.036231884057971,10.0,0.0552957271965356,1.85954756761449E-4,-11.0,0.269139173540149,0.0052698568107928,-3.0,0.471036137387932,0.49670596031079,22.5196011318211,24.1484467688981,24.1273256390964,0.952385112774384,0.024733330031693,-0.0853639422362849,0.699898968830461,0.0225800822427449,0.550752191091648,0.165373845714077,3.33034639615185,-0.402781140338955,0.54869532466108,0.00778194996806103,0.00889739026440218,0.00709064023280463,2.20656218793713,0.13873163870129,0.00380952241219595,0.00417392703887441,,0.0280678226877259,0.47750873638856,0.183592614216202,0.272216974952178,0.403526977248137,3.11232220760349,0.00601773565289725,0.307529306396003,8.39199804749975E-4,,-1.21531679898534,0.0,0.0,0.675235756998687,7.78380157316144,1.01650357584252,0.463292259320564,0.53367423943787,0.0867488399661807,0.00553145821598716,,0.1340691587599,0.698918935651503,-0.0185445356140799,-0.110293911706546,0.0867488399661807,2.07232814886687E7,0.333333333333333,72.5923857774364,57.7921206347895
"002236","2014-06-30",68.4837361815619,5.25672254570896,108.118005950177,3.32969514963026,1.41,57.31,1.23197722049341,0.39,0.22,0.33,0.32,25.6,29.73,25.32,26.14,26.89,105.0,1.47505598697919,16.21,0.426923702205883,64.8425249205671,5.55191212003241,25.38,31.02,25.26,25.97,27.38,0.910400219498642,0.539707645951438,0.206306908747206,53.37,16.94,0.508888713730282,46.33,7.22,25.5090101168686,5.26383203989715,1.11,1.0,1.07,0.272370362148832,1.01,0.929544648324046,0.431933811340191,1.13,0.9,1.03,1.0,0.8,0.573076297794117,0.206306908747206,0.169386688552786,0.202740800632424,0.0990013468855031,0.169386688552786,0.259435868374819,0.138450205920722,-0.00598616914077555,2.70488070595192,1.98976739943324,0.481535382999351,0.00847904840341177,-0.0515492444990163,-283.848145321073,0.916666666666667,0.036231884057971,10.0,0.0559781272236428,1.88249609139531E-4,-9.0,0.272460597972576,0.00533489168080644,-1.0,0.471036137387932,0.49670596031079,22.5196011318211,24.136181379411,24.1150602496093,0.961786865929354,0.024555963232411,-0.07852061382817,0.707872244174994,0.022443727176377,0.570077736039475,0.171598601093266,3.32215841159236,-0.384647956020514,0.530221569237988,0.00783509560289152,0.0089494362908159,0.00710265183254332,2.1986453519062,0.140443714458499,0.00385653541535455,0.00417392703887441,,0.0280678226877259,0.47750873638856,0.183592614216202,0.272216974952178,0.403526977248137,3.11232220760349,0.00601773565289725,0.307529306396003,8.49547502269783E-4,,-1.21531679898534,0.0,0.0,0.675235756998687,7.78380157316144,1.01650357584252,0.463292259320564,0.53367423943787,0.0867488399661807,0.00553145821598716,0.8659308412401,0.1340691587599,0.698918935651503,-0.0185445356140799,-0.110293911706546,0.0867488399661807,1.72198990278232E8,0.166666666666667,66.5885739726316,67.9149860964514
"002236","2014-07-01",68.4837361815619,5.25672254570896,108.118005950177,3.32969514963026,1.41,57.31,1.23197722049341,0.33,0.19,0.28,0.32,25.85,29.63,25.39,26.39,26.87,105.0,1.47505598697919,16.17,0.426923702205883,64.8425249205671,5.55191212003241,25.65,30.9,25.27,26.26,27.36,0.910400219498642,0.539707645951438,0.206306908747206,45.36,16.94,0.508888713730282,34.42,7.14,26.5124497743775,5.47089369360695,1.11,1.01,1.06,0.272370362148832,1.01,0.929544648324046,0.431933811340191,1.1,0.9,1.03,1.03,0.8,0.573076297794117,0.206306908747206,0.169386688552786,0.202740800632424,0.0990013468855031,0.169386688552786,0.259435868374819,0.138450205920722,-0.00598616914077555,2.70488070595192,1.98976739943324,0.481535382999351,0.00847904840341177,-0.0515492444990163,-295.013787751751,0.892857142857143,0.0238095238095241,13.0,0.0537807964057887,1.87532952311086E-4,-6.0,0.262148545655989,0.004348816493186,2.0,0.468887241902207,0.49670596031079,22.5196011318211,24.1747640772154,24.1536429474138,0.957016907566045,0.024733330031693,-0.0795586288403342,0.718200242810393,0.0225434542601107,0.570077736039475,0.171598601093266,3.32215841159236,-0.34606503857073,0.568804486687772,0.00797200599095469,0.00900374927953672,0.0071238240860565,2.20906529815251,0.135128219514244,0.00371057377811293,0.00417392703887441,,0.0280678226877259,0.47750873638856,0.183592614216202,0.272216974952178,0.403526977248137,3.11232220760349,0.00601773565289725,0.307529306396003,8.17420224857589E-4,,-1.21531679898534,0.0,0.0,0.675235756998687,7.78380157316144,1.01650357584252,0.463292259320564,0.53367423943787,0.0867488399661807,0.00553145821598716,0.8659308412401,0.1340691587599,0.698918935651503,-0.0185445356140799,-0.110293911706546,0.0867488399661807,3.64950426704683E8,0.333333333333333,76.1809181183395,77.1325679761287
"002236","2014-07-02",68.4837361815619,5.25672254570896,108.118005950177,3.32969514963026,1.41,57.31,1.23197722049341,0.32,0.19,0.36,0.32,25.92,29.52,25.42,26.37,26.82,105.0,1.47505598697919,16.17,0.426923702205883,64.8425249205671,5.55191212003241,25.75,30.76,25.26,26.37,27.3,0.910400219498642,0.539707645951438,0.206306908747206,45.36,16.94,0.508888713730282,34.42,6.97,26.2369957507476,5.4140532396474,1.04,0.99,1.02,0.272370362148832,1.01,0.929544648324046,0.431933811340191,1.0,0.9,1.06,1.07,0.8,0.573076297794117,0.206306908747206,0.169386688552786,0.202740800632424,0.0990013468855031,0.169386688552786,0.259435868374819,0.138450205920722,-0.00598616914077555,2.70488070595192,1.98976739943324,0.481535382999351,0.00847904840341177,-0.0515492444990163,-291.948709437447,0.884615384615385,0.0155677655677661,14.0,0.0544846078609991,3.28685473626683E-4,-5.0,0.264900761358414,0.0043944733592562,3.0,0.472649198355442,0.49670596031079,22.5196011318211,24.1643201180544,24.1431989882527,0.957016907566045,0.024733330031693,-0.0759145433784285,0.725127882442191,0.0225198626501038,0.560036007040934,0.169369843372061,3.30658631956507,-0.40176796306215,0.55836061003419,0.0079789931055822,0.0089929318870537,0.00711343592202593,2.20856845856187,0.136546888485522,0.00374952993326373,0.00417392703887441,0.0369720610739414,0.0280678226877259,0.47750873638856,0.183592614216202,0.272216974952178,0.403526977248137,3.11232220760349,0.00601773565289725,0.307529306396003,8.2599497593222E-4,,-1.21531679898534,0.0,0.0,0.675235756998687,7.78380157316144,1.01650357584252,0.463292259320564,0.53367423943787,0.0867488399661807,0.00553145821598716,0.8659308412401,0.1340691587599,0.698918935651503,-0.0185445356140799,-0.110293911706546,0.0867488399661807,5.08315958393612E8,0.166666666666667,71.0677909083786,77.3873905362569
"002236","2014-07-03",68.4837361815617,5.25672254570896,108.118005950177,3.32969514963026,1.41,57.31,1.23197722049341,0.22,0.21,0.39,0.32,25.99,29.41,25.43,26.24,26.77,105.0,1.47505598697919,16.17,0.426923702205883,64.8425249205671,5.55191212003241,25.87,30.62,25.24,26.3,27.23,0.910400219498642,0.539707645951438,0.206306908747206,45.36,16.94,0.508888713730282,34.42,6.94,25.6073865538792,5.28413220202556,1.05,0.99,0.99,0.272370362148832,1.01,0.929544648324046,0.431933811340191,0.97,0.9,1.07,0.98,0.8,0.573076297794117,0.206306908747206,0.169386688552786,0.202740800632424,0.0990013468855031,0.169386688552786,0.259435868374819,0.138450205920722,-0.00598616914077555,2.70488070595192,1.98976739943324,0.481535382999351,0.00847904840341177,-0.0515492444990163,-284.94281614761,0.884615384615385,0.0155677655677661,15.0,0.0558242217308046,3.36766868291343E-4,-4.0,0.271413880346865,0.00450252034158136,4.0,0.472649198355442,0.49670596031079,22.5196011318211,24.1400304988669,24.1189093690652,0.948453676905557,0.024733330031693,-0.0701695042259072,0.725840915579446,0.0225207720012035,0.560036007040934,0.169369843372061,3.30658631956507,-0.43996062191679,0.487298878815315,0.00803627247916115,0.009000880087186,0.00710857245130185,2.21173775599758,0.139904168878558,0.00384171968191101,0.00417392703887441,0.0378810936935081,0.0280678226877259,0.47750873638856,0.183592614216202,0.272216974952178,0.403526977248137,3.11232220760349,0.00601773565289725,0.307529306396003,8.46286539758628E-4,,-1.21531679898534,0.0,0.0,0.675235756998687,7.78380157316144,1.01650357584252,0.463292259320564,0.53367423943787,0.0867488399661807,0.00553145821598716,0.8659308412401,0.1340691587599,0.698918935651503,-0.0185445356140799,-0.110293911706546,0.0867488399661807,5.78176158756779E8,0.166666666666667,65.1245536042642,74.9849660020507
"002236","2014-07-04",68.4837361815617,5.25672254570896,108.118005950177,3.32969514963026,1.41,57.31,1.23197722049341,0.14,0.2,0.23,0.32,26.01,29.3,25.44,26.14,26.71,105.0,1.47505598697919,16.17,0.426923702205883,64.8425249205671,5.55191212003241,25.95,30.49,25.23,26.27,27.15,0.910400219498642,0.539707645951438,0.206306908747206,45.36,16.94,0.508888713730282,34.42,6.91,25.4794971857654,5.25774199125863,1.03,0.99,0.99,0.272370362148832,1.01,0.929544648324046,0.431933811340191,0.94,0.91,1.08,0.93,0.79,0.573076297794117,0.206306908747206,0.169386688552786,0.202740800632424,0.0990013468855031,0.169386688552786,0.259435868374819,0.138450205920722,-0.00598616914077555,2.70488070595192,1.98976739943324,0.481535382999351,0.00847904840341177,-0.0515492444990163,-283.519744073112,0.884615384615385,0.00961538461538503,16.0,0.0561044205271369,5.22201409439149E-4,-2.0,0.272776189398799,0.00452511986453138,6.0,0.472649198355442,0.49670596031079,22.5196011318211,24.1350237485659,24.1139026187643,0.911350588954055,0.0246926125903713,-0.0670098012819574,0.722353370298117,0.0225296654074722,0.560764008969933,0.171301183222987,3.27355595810435,-0.475081174996919,0.453793115888289,0.00802109647824497,0.00903545749357421,0.00711284972807284,2.20430506328252,0.140606390575632,0.00386100244470897,0.0041739270388472,0.0380712304572207,0.0280678226877259,0.47750873638856,0.183592614216202,0.272216974952178,0.403526977248137,3.11232220760349,0.00601773565289725,0.307529306396003,8.50530697176394E-4,,-1.21531679898534,0.0,0.0,0.675235756998687,7.78380157316144,1.01650357584252,0.463292259320564,0.53367423943787,0.0867488399661807,0.00553145821598716,0.8659308412401,0.1340691587599,0.698918935651503,-0.0185445356140799,-0.110293911706546,0.0867488399661807,,0.166666666666667,67.6524145503187,68.7087273019956
"002236","2014-07-07",68.4837361815617,5.25672254570896,108.118005950177,3.32969514963026,1.41,57.31,1.23197722049341,0.1,0.21,0.18,0.32,26.04,29.2,25.51,25.99,26.65,105.0,1.47505598697919,16.17,0.426923702205883,64.8425249205671,5.55191212003241,26.02,30.36,25.31,26.06,27.08,0.910400219498642,0.539707645951438,0.206306908747206,45.36,16.94,0.508888713730282,34.42,6.94,25.3712831050536,5.23541181291738,1.03,1.07,0.96,0.272370362148832,1.01,0.929544648324046,0.431933811340191,0.91,0.91,1.02,0.82,0.79,0.573076297794117,0.206306908747206,0.169386688552786,0.202740800632424,0.0990013468855031,0.169386688552786,0.259435868374819,0.138450205920722,-0.00598616914077555,2.70488070595192,1.98976739943324,0.481535382999351,0.00847904840341177,-0.0515492444990163,-282.315606163921,0.884615384615385,0.00961538461538503,18.0,0.0563591921219916,5.39902662962087E-4,0.0,0.273939639605619,0.00454442049210402,8.0,0.473053639186881,0.49670596031079,22.5196011318211,24.1307675997537,24.109646469952,0.880142661829862,0.024555963232411,-0.0632254474569657,0.704635810370374,0.0225351961925092,0.559077255481988,0.171493091752809,3.26005700735656,-0.443040640687628,0.430682823547987,0.00797039918925276,0.00905798076462188,0.00710400988312826,2.2080970743943,0.141206107635086,0.00387747046599311,0.0041739270388472,0.0382336125956579,0.0280678226877259,0.47750873638856,0.183592614216202,0.272216974952178,0.403526977248137,3.11232220760349,0.00601773565289725,0.307529306396003,8.54155298312736E-4,,-1.21531679898534,0.0,0.0,0.675235756998687,7.78380157316144,1.01650357584252,0.463292259320564,0.53367423943787,0.0867488399661807,0.00553145821598716,0.8659308412401,0.1340691587599,0.698918935651503,-0.0185445356140799,-0.110293911706546,0.0867488399661807,,0.0,58.3892933715705,71.1568474714357
"002236","2014-07-08",68.4837361815617,5.25672254570896,108.118005950177,3.32969514963026,1.41,57.31,1.23197722049341,0.06,0.13,0.05,0.32,26.01,29.1,25.55,25.79,26.59,105.0,1.47505598697919,16.17,0.426923702205883,64.8425249205671,5.55191212003241,26.05,30.23,25.37,25.84,27.01,0.910400219498642,0.539707645951438,0.206306908747206,45.36,16.94,0.508888713730282,34.42,6.84,25.4794971857654,5.25774199125863,1.01,1.05,0.96,0.272370362148832,1.01,0.929544648324046,0.431933811340191,0.91,0.91,0.98,0.8,0.79,0.573076297794117,0.206306908747206,0.169386688552786,0.202740800632424,0.0990013468855031,0.169386688552786,0.259435868374819,0.138450205920722,-0.00598616914077555,2.70488070595192,1.98976739943324,0.481535382999351,0.00847904840341177,-0.0515492444990163,-283.519744073112,0.884615384615385,0.00303643724696401,21.0,0.0561198287577669,5.37609640069197E-4,3.0,0.272776189398799,0.00452511986453138,11.0,0.473053639186881,0.49670596031079,22.5196011318211,24.1350237485659,24.1139026187643,0.859751972182128,0.0242769024835181,-0.0630875235963048,0.703937480800363,0.0224929061016436,0.566718312662673,0.17431387654674,3.25113710904544,-0.438784662771827,0.434938801463789,0.00795523452590474,0.00907151048509638,0.00710370734287641,2.20423167239053,0.140606390575632,0.00386100244470897,0.0041739270388472,0.0380712304572207,0.0280678226877259,0.47750873638856,0.183592614216202,0.272216974952178,0.403526977248137,3.11232220760349,0.00601773565289725,0.307529306396003,8.50530697176394E-4,,-1.21531679898534,0.0,0.0,0.675235756998687,7.78380157316144,1.01650357584252,0.463292259320564,0.53367423943787,0.0867488399661807,0.00553145821598716,0.8659308412401,0.1340691587599,0.698918935651503,-0.0185445356140799,-0.110293911706546,0.0867488399661807,,0.166666666666667,64.7618899043155,76.9683173131472
"002236","2014-07-09",68.4837361815617,5.25672254570896,108.118005950177,3.32969514963026,1.41,57.31,1.23197722049341,0.26,0.18,0.43,0.32,25.72,28.98,25.45,25.22,26.5,105.0,1.47505598697919,16.17,0.426923702205883,64.8425249205671,5.55191212003241,25.9,30.1,25.34,25.42,26.91,0.910400219498642,0.539707645951438,0.206306908747206,45.36,16.94,0.508888713730282,34.42,6.42,25.135179656228,5.18669142380919,0.94,0.98,0.92,0.272370362148832,1.01,0.929544648324046,0.431933811340191,1.1,0.93,1.08,1.14,0.82,0.573076297794117,0.206306908747206,0.169386688552786,0.202740800632424,0.0990013468855031,0.169386688552786,0.259435868374819,0.138450205920722,-0.00598616914077555,2.70488070595192,1.98976739943324,0.481535382999351,0.00847904840341177,-0.0515492444990163,-279.688396180232,0.884615384615385,0.00303643724696401,22.0,0.0568885935352706,5.44974155686592E-4,4.0,0.27651284952755,0.00458710780788112,12.0,0.473053639186881,0.49670596031079,22.5196011318211,24.1214180965101,24.1002969667085,0.859349557689776,0.0238792841118844,-0.0636853837915864,0.722819725837053,0.0224944878572563,0.560023697564111,0.166799307292359,3.3574701637251,-0.431838096317979,0.421333008892569,0.00787383072866624,0.00908781676203292,0.00711352660772662,2.20357737177639,0.142532505515024,0.00391389288915704,0.0041739270388472,0.0385927541621141,0.0280678226877259,0.47750873638856,0.183592614216202,0.272216974952178,0.403526977248137,3.11232220760349,0.00601773565289725,0.307529306396003,8.62171757363113E-4,,-1.21531679898534,0.0,0.0,0.675235756998687,7.78380157316144,1.01650357584252,0.463292259320564,0.53367423943787,0.0867488399661807,0.00553145821598716,0.8659308412401,0.1340691587599,0.698918935651503,-0.0185445356140799,-0.110293911706546,0.0867488399661807,,0.0,56.5319391571651,69.9559604403224
"002236","2014-07-10",68.4837361815617,5.25672254570896,108.118005950177,3.32969514963026,1.41,57.31,1.23197722049341,0.43,0.26,0.76,0.32,25.24,28.84,25.28,24.43,26.37,105.0,1.47505598697919,16.17,0.426923702205883,64.8425249205671,5.55191212003241,25.55,29.95,25.27,24.8,26.8,0.910400219498642,0.539707645951438,0.206306908747206,45.36,16.94,0.508888713730282,34.42,6.1,23.5611566640572,4.8618888297546,0.87,0.94,0.88,0.272370362148832,1.01,0.929544648324046,0.431933811340191,1.24,0.95,1.19,1.51,0.85,0.573076297794117,0.206306908747206,0.169386688552786,0.202740800632424,0.0990013468855031,0.169386688552786,0.259435868374819,0.138450205920722,-0.00598616914077555,2.70488070595192,1.98976739943324,0.481535382999351,0.00847904840341177,-0.0515492444990163,-262.173662955638,0.884615384615385,0.00303643724696401,22.0,0.0606890841263534,5.81381614939141E-4,6.0,0.294985524235027,0.00489355342343894,14.0,0.473053639186881,0.49670596031079,22.5196011318211,24.0567491037174,24.0356279739157,0.845864917842715,0.0242769024835181,-0.0764356412643775,0.761076495682451,0.022688207239076,0.611753072356029,0.178174592768584,3.43344728813599,-0.498530618975607,0.319703897177475,0.00817728810100968,0.00927557213254795,0.00721368927258142,2.20198513769068,0.152054510058825,0.00417536381285855,0.0041739270388472,0.041170975734531,0.0280678226877259,0.47750873638856,0.183592614216202,0.272216974952178,0.403526977248137,3.11232220760349,0.00601773565289725,0.307529306396003,9.19716896631928E-4,,-1.21531679898534,0.0,0.0,0.675235756998687,7.78380157316144,1.01650357584252,0.463292259320564,0.53367423943787,0.0867488399661807,0.00553145821598716,0.8659308412401,0.1340691587599,0.698918935651503,-0.0185445356140799,-0.110293911706546,0.0867488399661807,,-0.166666666666667,38.5305309959189,55.1432317650305
"002236","2014-07-11",68.4837361815617,5.25672254570896,108.118005950177,3.32969514963026,1.41,57.31,1.23197722049341,0.46,0.31,0.91,0.32,24.82,28.71,25.1,23.8,26.24,105.0,1.47505598697919,16.17,0.426923702205883,64.8425249205671,5.55191212003241,25.23,29.82,25.18,24.19,26.68,0.910400219498642,0.539707645951438,0.206306908747206,45.36,16.94,0.508888713730282,34.42,6.09,22.4003147073312,4.62234691663934,0.88,0.93,0.88,0.272370362148832,1.01,0.929544648324046,0.431933811340191,1.33,0.96,1.23,1.74,0.87,0.573076297794117,0.206306908747206,0.169386688552786,0.202740800632424,0.0990013468855031,0.169386688552786,0.259435868374819,0.138450205920722,-0.00598616914077555,2.70488070595192,1.98976739943324,0.481535382999351,0.00847904840341177,-0.0515492444990163,-249.2565472025,0.884615384615385,0.00303643724696401,22.0,0.0638341486528838,6.11510306446747E-4,8.0,0.310272433264335,0.00514714995570324,16.0,0.473053639186881,0.49670596031079,22.5196011318211,24.0062246599361,23.9851035301344,0.838529596051107,0.0242769024835181,-0.0835487866546467,0.765528771801253,0.0228790539490261,0.573728834293646,0.165443842852174,3.46781617498017,-0.5894226174219,0.274909838465683,0.00849908194828074,0.00946854953242769,0.00730500189684921,2.17600503814306,0.159934366091738,0.00439174191119729,0.0041739270388472,0.0433045616531408,0.0280678226877259,0.47750873638856,0.183592614216202,0.272216974952178,0.403526977248137,3.11232220760349,0.00601773565289725,0.307529306396003,9.6733288805009E-4,,-1.21531679898534,0.0,0.0,0.675235756998687,7.78380157316144,1.01650357584252,0.463292259320564,0.53367423943787,0.0867488399661807,0.00553145821598716,0.8659308412401,0.1340691587599,0.698918935651503,-0.0185445356140799,-0.110293911706546,0.0867488399661807,,-0.333333333333333,31.602307297172,44.5351253474025
"002236","2014-07-14",68.4837361815617,5.25672254570896,108.118005950177,3.32969514963026,1.41,57.31,1.23197722049341,0.49,0.32,1.03,0.32,24.44,28.59,24.96,23.37,26.12,105.0,1.47505598697919,16.17,0.426923702205883,64.8425249205671,5.55191212003241,24.84,29.69,25.12,23.62,26.56,0.910400219498642,0.539707645951438,0.206306908747206,45.36,16.94,0.508888713730282,34.42,6.18,22.380639419929,4.61828688421366,0.86,0.95,0.89,0.272370362148832,1.01,0.929544648324046,0.431933811340191,1.34,0.96,1.23,1.85,0.89,0.573076297794117,0.206306908747206,0.169386688552786,0.202740800632424,0.0990013468855031,0.169386688552786,0.259435868374819,0.138450205920722,-0.00598616914077555,2.70488070595192,1.98976739943324,0.481535382999351,0.00847904840341177,-0.0515492444990163,-249.037613037193,0.884615384615385,0.00303643724696401,22.0,0.0638902665857654,6.12047897924942E-4,10.0,0.310545200238633,0.00515167492269726,18.0,0.473053639186881,0.49670596031079,22.5196011318211,24.0053459252574,23.9842247954557,0.840320727858933,0.0246242879113912,-0.086578416970383,0.75003673568818,0.0228595242233388,0.601870849112385,0.170654284085258,3.52684289374003,-0.603562130033042,0.284139922403621,0.00864953190243148,0.00956963718336388,0.00734980399846154,2.13654137190563,0.160074967732258,0.00439560278320714,0.0041739270388472,0.0433426315974513,0.0280678226877259,0.47750873638856,0.183592614216202,0.272216974952178,0.403526977248137,3.11232220760349,0.00601773565289725,0.307529306396003,9.68182467244207E-4,,-1.21531679898534,0.0,0.0,0.675235756998687,7.78380157316144,1.01650357584252,0.463292259320564,0.53367423943787,0.0867488399661807,0.00553145821598716,0.8659308412401,0.1340691587599,0.698918935651503,-0.0185445356140799,-0.110293911706546,0.0867488399661807,,-0.5,29.09650712836,37.4941166108596
"002236","2014-07-15",68.4837361815617,5.25672254570896,108.118005950177,3.32969514963026,1.41,57.31,1.23197722049341,0.49,0.32,1.12,0.32,24.13,28.47,24.85,23.11,26.01,105.0,1.47505598697919,16.17,0.426923702205883,64.8425249205671,5.55191212003241,24.5,29.55,25.08,23.15,26.45,0.910400219498642,0.539707645951438,0.206306908747206,45.36,16.94,0.508888713730282,34.42,6.21,22.6856063746621,4.68121738681174,0.87,0.97,0.91,0.272370362148832,1.01,0.929544648324046,0.431933811340191,1.38,0.97,1.24,1.96,0.9,0.573076297794117,0.206306908747206,0.169386688552786,0.202740800632424,0.0990013468855031,0.169386688552786,0.259435868374819,0.138450205920722,-0.00598616914077555,2.70488070595192,1.98976739943324,0.481535382999351,0.00847904840341177,-0.0515492444990163,-252.431092599458,0.884615384615385,0.00303643724696401,21.0,0.0630313774859568,6.57248323345761E-4,13.0,0.306370481588417,0.00508241996926985,21.0,0.473053639186881,0.49670596031079,22.5196011318211,24.0188802947013,23.9977591648997,0.865120725789888,0.0246242879113912,-0.0791551184219115,0.751211903965585,0.0228140152276365,0.601870849112385,0.170654284085258,3.52684289374003,-0.590027856832174,0.297674195604489,0.00875854831593469,0.00962275835630097,0.00737212759912273,2.12284250172864,0.157923049258841,0.00433651185247018,0.0041739270388472,0.0427599682932358,0.0280678226877259,0.47750873638856,0.183592614216202,0.272216974952178,0.403526977248137,3.11232220760349,0.00601773565289725,0.307529306396003,9.55179436863863E-4,,-1.21531679898534,0.0,0.0,0.675235756998687,7.78380157316144,1.01650357584252,0.463292259320564,0.53367423943787,0.0867488399661807,0.00553145821598716,0.8659308412401,0.1340691587599,0.698918935651503,-0.0185445356140799,-0.110293911706546,0.0867488399661807,-4.08569244223886E8,-0.5,23.7232117952956,42.6807263072242
"002236","2014-07-16",68.4837361815617,5.25672254570896,108.118005950177,3.32969514963026,1.41,57.31,1.23197722049341,0.49,0.31,1.15,0.32,23.86,28.35,24.71,23.0,25.9,105.0,1.47505598697919,16.17,0.426923702205883,64.8425249205671,5.55191212003241,24.2,29.42,24.98,22.96,26.34,0.910400219498642,0.539707645951438,0.206306908747206,45.36,16.94,0.508888713730282,34.42,6.17,22.8233333864771,4.70963761379151,0.88,0.92,0.96,0.272370362148832,1.01,0.929544648324046,0.431933811340191,1.35,0.97,1.18,1.56,0.91,0.573076297794117,0.206306908747206,0.169386688552786,0.202740800632424,0.0990013468855031,0.169386688552786,0.259435868374819,0.138450205920722,-0.00598616914077555,2.70488070595192,1.98976739943324,0.481535382999351,0.00847904840341177,-0.0515492444990163,-253.96363175661,0.884615384615385,0.00303643724696401,22.0,0.0626510157252657,6.53282169670399E-4,14.0,0.304521694199522,0.00505175019359322,22.0,0.473053639186881,0.49670596031079,22.5196011318211,24.0249330585327,24.003811928731,0.809231446912204,0.0242769024835181,-0.0729209272830681,0.758941476398633,0.0228017687440528,0.601870849112385,0.170654284085258,3.52684289374003,-0.59469604925715,0.303726768769562,0.0088324695150617,0.00965992240231804,0.00739107363386297,2.10975606652376,0.156970065340899,0.00431034324646389,0.0041739270388472,0.0425019340018111,0.0280678226877259,0.47750873638856,0.332645073742059,0.52622034215661,0.403526977248137,3.11232220760349,0.00601773565289725,0.307529306396003,9.49420895495904E-4,,-1.21531679898534,0.0,0.0,0.675235756998687,7.78380157316144,1.01650357584252,0.463292259320564,0.53367423943787,0.0867488399661807,0.00553145821598716,0.8659308412401,0.1340691587599,0.698918935651503,-0.0185445356140799,-0.110293911706546,0.0867488399661807,-5.38158790389574E8,-0.333333333333333,26.8250878639101,43.0804981275392
"002236","2014-07-17",68.4837361815617,5.25672254570896,108.118005950177,3.32969514963026,1.41,57.31,1.23197722049341,0.51,0.27,0.84,0.32,23.51,28.23,24.52,22.81,25.76,105.0,1.47505598697919,16.17,0.426923702205883,64.8425249205671,5.55191212003241,23.83,29.29,24.86,22.87,26.21,0.910400219498642,0.539707645951438,0.206306908747206,45.36,16.94,0.508888713730282,34.42,5.97,22.8233333864771,4.70963761379151,0.86,0.9,0.98,0.272370362148832,1.01,0.929544648324046,0.431933811340191,1.37,0.97,1.17,1.24,0.91,0.573076297794117,0.206306908747206,0.169386688552786,0.202740800632424,0.0990013468855031,0.169386688552786,0.259435868374819,0.138450205920722,-0.00598616914077555,2.70488070595192,1.98976739943324,0.481535382999351,0.00847904840341177,-0.0515492444990163,-253.96363175661,0.884615384615385,-0.00824175824175799,20.0,0.0626510157252657,6.26008378585943E-4,16.0,0.304521694199522,0.00274047411443776,22.0,0.473053639186881,0.49670596031079,22.5196011318211,24.0249330585327,24.003811928731,0.805325057983996,0.0242769024835181,-0.0669773044450379,0.780389360452592,0.0227465767872102,0.598574463945713,0.170208996310733,3.5167028589544,-0.616168059634298,0.321355450507294,0.00892689905670747,0.00968762462778136,0.00739825609969225,2.11160479101088,0.156970065340899,0.00431034324646389,0.0041739270388472,0.0425019340018111,0.0280678226877259,0.47750873638856,0.332645073742059,0.52622034215661,0.403526977248137,3.11232220760349,0.00601773565289725,0.307529306396003,9.49420895495904E-4,,-1.21531679898534,0.0,0.0,0.675235756998687,7.78380157316144,1.01650357584252,0.463292259320564,0.53367423943787,0.0867488399661807,0.00553145821598716,0.8659308412401,0.1340691587599,0.698918935651503,-0.0185445356140799,-0.110293911706546,0.0867488399661807,-6.56181606098119E8,-0.5,11.1109390123097,36.1933061459755
"002236","2014-07-18",68.4837361815617,5.25672254570896,108.118005950177,3.32969514963026,1.41,57.31,1.23197722049341,0.52,0.25,0.51,0.32,23.18,28.11,24.33,22.63,25.63,105.0,1.47505598697919,16.17,0.426923702205883,64.8425249205671,5.55191212003241,23.47,29.17,24.72,22.76,26.08,0.910400219498642,0.539707645951438,0.206306908747206,45.36,16.94,0.508888713730282,34.42,5.95,21.9084325222778,4.52084610599729,0.86,0.89,0.98,0.272370362148832,1.01,0.929544648324046,0.431933811340191,1.43,0.97,1.18,1.12,0.91,0.573076297794117,0.206306908747206,0.169386688552786,0.202740800632424,0.0990013468855031,0.169386688552786,0.259435868374819,0.138450205920722,-0.00598616914077555,2.70488070595192,1.98976739943324,0.481535382999351,0.00847904840341177,-0.0515492444990163,-243.783193069815,0.884615384615385,-0.00824175824175799,18.0,0.0652673356455394,6.52150623403407E-4,18.0,0.317238585784863,0.00285491690412914,22.0,0.473053639186881,0.49670596031079,22.5196011318211,23.9840212611297,23.962900131328,0.818092258294979,0.0246242879113912,-0.0608009241759269,0.783151569338068,0.0227723762936457,0.557466220418809,0.15821965261967,3.52336900750788,-0.609195677296158,0.258181374289153,0.00904521414719552,0.00973956533349257,0.00741927259443641,2.11359857725706,0.163525169102329,0.00449034410947294,0.0041739270388472,0.0442768239264489,0.0280678226877259,0.47750873638856,0.332645073742059,0.52622034215661,0.403526977248137,3.11232220760349,0.00601773565289725,0.307529306396003,9.89029703656073E-4,,-1.21531679898534,0.0,0.0,0.675235756998687,7.78380157316144,1.01650357584252,0.463292259320564,0.53367423943787,0.0867488399661807,0.00553145821598716,0.8659308412401,0.1340691587599,0.698918935651503,-0.0185445356140799,-0.110293911706546,0.0867488399661807,-7.20621531468893E8,-0.5,10.1447444865932,30.5047976673085
"002236","2014-07-21",68.4837361815617,5.25672254570896,108.118005950177,3.32969514963026,1.41,57.31,1.23197722049341,0.66,0.3,0.57,0.32,23.03,28.0,24.21,22.74,25.52,105.0,1.47505598697919,16.17,0.426923702205883,64.8425249205671,5.55191212003241,23.2,29.05,24.62,22.77,25.97,0.910400219498642,0.539707645951438,0.206306908747206,45.36,16.94,0.508888713730282,34.42,6.19,21.8395690163703,4.5066359925074,0.89,0.92,1.0,0.272370362148832,1.01,0.929544648324046,0.431933811340191,1.57,0.99,1.24,1.3,0.94,0.573076297794117,0.206306908747206,0.169386688552786,0.202740800632424,0.0990013468855031,0.169386688552786,0.259435868374819,0.138450205920722,-0.00598616914077555,2.70488070595192,1.98976739943324,0.481535382999351,0.00847904840341177,-0.0515492444990163,-243.016923491239,0.863636363636364,-0.0613636363636361,16.0,0.0654204243162855,3.45905476042078E-4,20.0,0.318238887631933,0.00286391889436739,22.0,0.471867755368532,0.49670596031079,22.5196011318211,23.9808730687387,23.959751938937,0.798235190819446,0.025328235171481,-0.0532795811993669,0.732814021402325,0.0226198855751368,0.652540898122558,0.179724272694915,3.6307889209281,-0.618649574083462,0.278715084487133,0.00917005247166811,0.00973301463555522,0.00746472507779919,2.09338567035776,0.164040789004904,0.00450450285216047,0.0041739270388472,0.0444164355334242,0.0280678226877259,0.47750873638856,0.332645073742059,0.52622034215661,0.403526977248137,3.11232220760349,0.00601773565289725,0.307529306396003,9.92145171718359E-4,,-1.21531679898534,0.0,0.0,0.675235756998687,7.78380157316144,1.01650357584252,0.463292259320564,0.53367423943787,0.0867488399661807,0.00553145821598716,0.8659308412401,0.1340691587599,0.698918935651503,-0.0185445356140799,-0.110293911706546,0.0867488399661807,-6.69005486049713E8,-0.5,11.3129587280023,22.8262304708799
"002236","2014-07-22",68.4837361815617,5.25672254570896,108.118005950177,3.32969514963026,1.41,57.31,1.23197722049341,0.72,0.31,0.59,0.32,22.89,27.88,24.09,22.77,25.43,105.0,1.47505598697919,16.17,0.426923702205883,64.8425249205671,5.55191212003241,22.94,28.92,24.5,22.73,25.88,0.910400219498642,0.539707645951438,0.206306908747206,45.36,16.94,0.508888713730282,34.42,6.16,22.7446322368685,4.69339748408878,0.9,0.91,0.99,0.272370362148832,1.01,0.929544648324046,0.431933811340191,1.65,0.99,1.28,1.35,0.95,0.573076297794117,0.206306908747206,0.169386688552786,0.202740800632424,0.0990013468855031,0.169386688552786,0.259435868374819,0.138450205920722,-0.00598616914077555,2.70488070595192,1.98976739943324,0.481535382999351,0.00847904840341177,-0.0515492444990163,-253.08789509538,0.863636363636364,-0.053030303030303,13.0,0.0628171894386478,2.28619635360255E-6,21.0,0.305575402483949,0.0,20.0,0.471867755368532,0.49670596031079,22.5196011318211,24.0214788236646,24.0003576938629,0.804552285270826,0.025328235171481,-0.0546344831771975,0.732655345642792,0.0227199020605418,0.652540898122558,0.179724272694915,3.6307889209281,-0.578044026761542,0.319320631809054,0.00931789885342712,0.00986766370249098,0.00752208392489112,2.07624620507583,0.15751321435592,0.00432525792897761,0.0041739270388472,0.0426489995173883,0.0280678226877259,0.47750873638856,0.332645073742059,0.52622034215661,0.403526977248137,3.11232220760349,0.00601773565289725,0.307529306396003,9.52702959092441E-4,,-1.21531679898534,0.0,0.0,0.675235756998687,7.78380157316144,1.01650357584252,0.463292259320564,0.53367423943787,0.0867488399661807,0.00553145821598716,0.8659308412401,0.1340691587599,0.698918935651503,-0.0185445356140799,-0.110293911706546,0.0867488399661807,-5.93677672857439E8,-0.333333333333333,25.783829126009,26.8745213195919
"002236","2014-07-23",68.4837361815617,5.25672254570896,108.118005950177,3.32969514963026,1.41,57.31,1.23197722049341,0.8,0.35,0.63,0.32,22.8,27.76,23.94,22.72,25.33,105.0,1.47505598697919,16.17,0.426923702205883,64.8425249205671,5.55191212003241,22.81,28.79,24.36,22.66,25.78,0.910400219498642,0.539707645951438,0.206306908747206,45.36,16.94,0.508888713730282,34.42,6.07,22.6265805124557,4.66903728953469,0.95,0.89,0.98,0.272370362148832,1.01,0.929544648324046,0.431933811340191,1.51,1.0,1.31,1.46,0.97,0.573076297794117,0.206306908747206,0.169386688552786,0.202740800632424,0.0990013468855031,0.169386688552786,0.259435868374819,0.138450205920722,-0.00598616914077555,2.70488070595192,1.98976739943324,0.481535382999351,0.00847904840341177,-0.0515492444990163,-251.774290103535,0.863636363636364,-0.053030303030303,12.0,0.0631449312965886,2.29812433457787E-6,22.0,0.307169708931692,0.0,20.0,0.471867755368532,0.49670596031079,22.5196011318211,24.0162749957896,23.9951538659879,0.775112808222062,0.0246242879113912,-0.0512798741972513,0.7267062173991,0.0227004387353866,0.652540898122558,0.179724272694915,3.6307889209281,-0.602879770212382,0.314117080211519,0.00941965403028414,0.00992669518489623,0.0075607625612184,2.05906612831416,0.15833502243082,0.00434782449208532,0.0041739270388472,0.0428715160366094,0.0280678226877259,0.47750873638856,0.332645073742059,0.52622034215661,0.403526977248137,3.11232220760349,0.00601773565289725,0.307529306396003,9.57668823015072E-4,,-1.21531679898534,0.0,0.0,0.675235756998687,7.78380157316144,1.01650357584252,0.463292259320564,0.53367423943787,0.0867488399661807,0.00553145821598716,0.8659308412401,0.1340691587599,0.698918935651503,-0.0185445356140799,-0.110293911706546,0.0867488399661807,-6.19167149228138E8,-0.333333333333333,25.7389962309783,33.7390100587246
"002236","2014-07-24",68.4837361815617,5.25672254570896,108.118005950177,3.32969514963026,1.41,57.31,1.23197722049341,0.83,0.45,1.1,0.32,22.59,27.62,23.68,22.37,25.2,105.0,1.47505598697919,16.17,0.426923702205883,64.8425249205671,5.55191212003241,22.68,28.64,24.12,22.48,25.68,0.910400219498642,0.539707645951438,0.206306908747206,45.36,16.94,0.508888713730282,34.42,5.73,22.3117759140216,4.60407677072377,0.94,0.81,0.96,0.272370362148832,1.01,0.929544648324046,0.431933811340191,1.56,1.02,1.4,1.88,1.02,0.573076297794117,0.206306908747206,0.169386688552786,0.202740800632424,0.0990013468855031,0.169386688552786,0.259435868374819,0.138450205920722,-0.00598616914077555,2.70488070595192,1.98976739943324,0.481535382999351,0.00847904840341177,-0.0515492444990163,-248.271343458617,0.916666666666667,0.0,11.0,0.064171856576136,1.72172320886529E-4,22.0,0.297949932569775,-0.0135537405091005,18.0,0.474993527316169,0.431583247618603,22.5196011318211,24.00226425872,23.9811431289183,0.839303522561131,0.0246242879113912,-0.0512321301951825,0.725037667359776,0.0226977434704025,0.652540898122558,0.179724272694915,3.6307889209281,-0.680050301556147,0.312010792101375,0.00953534179357257,0.00998700745141957,0.00756372949747877,2.04312843950391,0.160569026274641,0.00440916945846395,0.0041739270388472,0.0434764051517644,0.0280678226877259,0.47750873638856,0.332645073742059,0.52622034215661,0.403526977248137,3.11232220760349,0.00601773565289725,0.307529306396003,9.71167782675146E-4,,-1.21531679898534,0.0,0.0,0.675235756998687,7.78380157316144,1.01650357584252,0.463292259320564,0.53367423943787,0.0867488399661807,0.00553145821598716,0.8659308412401,0.1340691587599,0.698918935651503,-0.0185445356140799,-0.110293911706546,0.0867488399661807,-6.59421829682601E8,-0.5,22.9864588397174,33.552859218731
"002236","2014-07-25",68.4837361815617,5.25672254570896,108.118005950177,3.32969514963026,1.41,57.31,1.23197722049341,0.68,0.44,1.14,0.32,22.41,27.5,23.44,22.13,25.08,105.0,1.47505598697919,16.17,0.426923702205883,64.8425249205671,5.55191212003241,22.55,28.51,23.9,22.34,25.57,0.910400219498642,0.539707645951438,0.206306908747206,45.36,16.94,0.508888713730282,34.42,5.76,21.0525575202849,4.3442346954801,0.94,0.83,0.97,0.272370362148832,1.01,0.929544648324046,0.431933811340191,1.53,1.03,1.43,1.93,1.03,0.573076297794117,0.206306908747206,0.169386688552786,0.202740800632424,0.0990013468855031,0.169386688552786,0.259435868374819,0.138450205920722,-0.00598616914077555,2.70488070595192,1.98976739943324,0.481535382999351,0.00847904840341177,-0.0515492444990163,-234.259556878942,0.916666666666667,0.0,10.0,0.0680897172900302,2.62014537270502E-4,22.0,0.315771236947781,-0.0143644315302056,16.0,0.476718665871181,0.431583247618603,22.5196011318211,23.9441717018882,23.9230505720866,0.86617099747904,0.0246242879113912,-0.0566610192637487,0.697124163159395,0.023054691394335,0.652459743725473,0.179750934402968,3.62979889864039,-0.736806741374448,0.221514513853645,0.0099672565469003,0.0102102649902987,0.00765953958864569,2.00246032960594,0.170173154949013,0.00467289548214777,0.0041739270388472,0.0460768630300008,0.0280678226877259,0.47750873638856,0.332645073742059,0.52622034215661,0.403526977248137,3.11232220760349,0.00601773565289725,0.307529306396003,0.00102919653842273,,-1.21531679898534,0.0,0.0,0.675235756998687,7.78380157316144,1.01650357584252,0.463292259320564,0.53367423943787,0.0867488399661807,0.00553145821598716,0.8659308412401,0.1340691587599,0.698918935651503,-0.0185445356140799,-0.110293911706546,0.0867488399661807,-8.38049916597049E8,-0.5,19.8837850617638,30.4491478770028
"002236","2014-07-28",68.4837361815617,5.25672254570896,108.118005950177,3.32969514963026,1.41,57.31,1.23197722049341,0.68,0.48,1.28,0.32,22.37,27.38,23.26,22.09,24.98,105.0,1.47505598697919,16.17,0.426923702205883,64.8425249205671,5.55191212003241,22.48,28.38,23.67,22.18,25.47,0.910400219498642,0.539707645951438,0.206306908747206,45.36,16.94,0.508888713730282,34.42,5.98,21.1509339572956,4.36453485760851,0.97,0.83,0.97,0.272370362148832,1.01,0.929544648324046,0.431933811340191,1.6,1.04,1.47,1.9,1.06,0.573076297794117,0.206306908747206,0.169386688552786,0.202740800632424,0.0990013468855031,0.169386688552786,0.259435868374819,0.138450205920722,-0.00598616914077555,2.70488070595192,1.98976739943324,0.481535382999351,0.00847904840341177,-0.0515492444990163,-235.354227705479,0.916666666666667,0.0,9.0,0.0677730209305417,2.60795865004128E-4,22.0,0.314302533520117,-0.0142976202207627,14.0,0.476718665871181,0.431583247618603,22.5196011318211,23.948833714994,23.9277125851924,0.885073060456089,0.0246242879113912,-0.049580628711689,0.706897810152902,0.0223064098226214,0.665024441991567,0.183860623179484,3.61700308903215,-0.686547039010472,0.220396887038146,0.0101456600900183,0.0102833678968856,0.00770617930053299,1.99037179753549,0.169381651902738,0.00465116108455639,0.0041739270388472,0.0458625520391636,0.0280678226877259,0.47750873638856,0.332645073742059,0.52622034215661,0.403526977248137,3.11232220760349,0.00601773565289725,0.307529306396003,0.00102441448161071,,-1.21531679898534,0.0,0.0,0.675235756998687,7.78380157316144,1.01650357584252,0.463292259320564,0.53367423943787,0.0867488399661807,0.00553145821598716,0.8659308412401,0.1340691587599,0.698918935651503,-0.0185445356140799,-0.110293911706546,0.0867488399661807,-9.48600188620214E8,-0.333333333333333,27.2727143221497,26.0982439154904
"002236","2014-07-29",68.4837361815617,5.25672254570896,108.118005950177,3.32969514963026,1.41,57.31,1.23197722049341,0.94,0.61,1.66,0.32,22.56,27.29,23.21,22.54,24.91,105.0,1.47505598697919,16.17,0.426923702205883,64.8425249205671,5.55191212003241,22.55,28.28,23.53,22.36,25.39,0.910400219498642,0.539707645951438,0.206306908747206,45.36,16.94,0.508888713730282,34.42,6.4,21.9674583844842,4.53302620327433,1.03,0.9,1.04,0.272370362148832,1.01,0.929544648324046,0.431933811340191,1.89,1.07,1.64,2.44,1.12,0.573076297794117,0.206306908747206,0.169386688552786,0.202740800632424,0.0990013468855031,0.169386688552786,0.259435868374819,0.138450205920722,-0.00598616914077555,2.70488070595192,1.98976739943324,0.481535382999351,0.00847904840341177,-0.0515492444990163,-244.439995565737,0.916666666666667,0.0,7.0,0.0647965290124207,-2.06285090089774E-4,19.0,0.3026199942088,-0.0137661815829108,11.0,0.466367834541107,0.431583247618603,22.5196011318211,23.9867118457125,23.9655907159108,0.877411266003649,0.0246242879113912,-0.0540631203378901,0.720993330065267,0.0222802218110836,0.665024441991567,0.183860623179484,3.61700308903215,-0.648669678149675,0.258274247898944,0.0104041018669456,0.0103845904869634,0.00775568147434908,1.97671871677658,0.163085782172363,0.00447827869762483,0.0041739270388472,0.0441578535083751,0.0280678226877259,0.47750873638856,0.332645073742059,0.52622034215661,0.403526977248137,3.11232220760349,0.00601773565289725,0.307529306396003,9.86374833571935E-4,,-1.21531679898534,0.0,0.0,0.675235756998687,7.78380157316144,1.01650357584252,0.463292259320564,0.53367423943787,0.0867488399661807,0.00553145821598716,0.8659308412401,0.1340691587599,0.698918935651503,-0.0185445356140799,-0.110293911706546,0.0867488399661807,-1.00861228898778E9,-0.166666666666667,45.6348151789118,32.554847673701
"002236","2014-07-30",68.4837361815617,5.25672254570896,108.118005950177,3.32969514963026,1.41,57.31,1.23197722049341,1.14,0.71,2.03,0.32,22.84,27.21,23.24,23.13,24.86,105.0,1.47505598697919,16.17,0.426923702205883,64.8425249205671,5.55191212003241,22.7,28.18,23.45,22.74,25.31,0.910400219498642,0.539707645951438,0.206306908747206,45.36,16.94,0.508888713730282,34.42,6.58,23.5119684455518,4.8517387486904,1.07,0.94,1.08,0.272370362148832,1.01,0.929544648324046,0.431933811340191,2.16,1.09,1.76,2.86,1.16,0.573076297794117,0.206306908747206,0.169386688552786,0.202740800632424,0.0990013468855031,0.169386688552786,0.259435868374819,0.138450205920722,-0.00598616914077555,2.70488070595192,1.98976739943324,0.481535382999351,0.00847904840341177,-0.0515492444990163,-261.626327542369,0.916666666666667,0.0,7.0,0.0605400206212282,-1.92734144841199E-4,18.0,0.282740772831904,-0.0128618759308117,10.0,0.466367834541107,0.431583247618603,22.5196011318211,24.0546592387979,24.0335381089962,0.876112110272029,0.0246242879113912,-0.0689537491841389,0.70380016149357,0.0226897635813195,0.749121480198263,0.203971900284396,3.67267000578889,-0.595080451227927,0.326222084041316,0.010993808472999,0.0106818025948766,0.00790811621471294,1.91621019986685,0.152372615728405,0.00418409888359675,0.0041739270388472,0.0412571074829296,0.0280678226877259,0.47750873638856,0.332645073742059,0.52622034215661,0.403526977248137,3.11232220760349,0.00601773565289725,0.307529306396003,9.21639217237516E-4,,-1.21531679898534,0.0,0.0,0.675235756998687,7.78380157316144,1.01650357584252,0.463292259320564,0.53367423943787,0.0867488399661807,0.00553145821598716,0.8659308412401,0.1340691587599,0.698918935651503,-0.0185445356140799,-0.110293911706546,0.0867488399661807,-1.07119472552266E9,0.0,58.7252844767687,48.0997700407511
"002236","2014-07-31",68.4837361815617,5.25672254570896,108.118005950177,3.32969514963026,1.41,57.31,1.23197722049341,1.24,0.74,2.14,0.32,23.16,27.13,23.28,23.77,24.82,105.0,1.47505598697919,16.17,0.426923702205883,64.8425249205671,5.55191212003241,22.94,28.07,23.4,23.4,25.24,0.910400219498642,0.539707645951438,0.206306908747206,45.36,16.94,0.508888713730282,34.42,6.62,24.1710905735234,4.98774983495075,1.11,0.95,1.15,0.272370362148832,1.01,0.929544648324046,0.431933811340191,2.25,1.11,1.81,2.61,1.19,0.573076297794117,0.206306908747206,0.169386688552786,0.202740800632424,0.0990013468855031,0.169386688552786,0.259435868374819,0.138450205920722,-0.00598616914077555,2.70488070595192,1.98976739943324,0.481535382999351,0.00847904840341177,-0.0515492444990163,-268.960622080168,0.916666666666667,0.0238095238095239,7.0,0.0588891531480404,-1.01179091927189E-4,16.0,0.275030706987485,-0.0125111450853235,8.0,0.466367834541107,0.431583247618603,22.5196011318211,24.0823069663935,24.0611858365918,0.894797728277868,0.0246242879113912,-0.0693417364420675,0.698094120392569,0.0227500803661187,0.769832646108255,0.208002296692028,3.70107762438837,-0.50113008639542,0.366047275155802,0.0114724437249775,0.0109377385169992,0.00799823458860199,1.83036455763014,0.148217562715054,0.00407000257704364,0.0041739270388472,0.0401320662939364,0.0280678226877259,0.47750873638856,0.332645073742059,0.52622034215661,0.403526977248137,3.11232220760349,0.00601773565289725,0.307529306396003,8.96529544054704E-4,,-1.21531679898534,0.0,0.0,0.675235756998687,7.78380157316144,1.01650357584252,0.463292259320564,0.53367423943787,0.0867488399661807,0.00553145821598716,0.8659308412401,0.1340691587599,0.698918935651503,-0.0185445356140799,-0.110293911706546,0.0867488399661807,-1.0237658464213E9,0.0,60.8632567722054,61.008245854308
"002236","2014-08-01",68.4837361815617,5.25672254570896,108.118005950177,3.32969514963026,1.41,57.31,1.23197722049341,1.29,0.77,1.83,0.32,23.35,27.04,23.27,24.08,24.77,105.0,1.47505598697919,16.17,0.426923702205883,64.8425249205671,5.55191212003241,23.13,27.95,23.31,23.92,25.18,0.910400219498642,0.539707645951438,0.206306908747206,45.36,16.94,0.508888713730282,34.42,6.45,24.2989799416372,5.01414004571769,1.08,0.93,1.12,0.272370362148832,1.01,0.929544648324046,0.431933811340191,2.3,1.12,1.87,2.68,1.21,0.573076297794117,0.206306908747206,0.169386688552786,0.202740800632424,0.0990013468855031,0.169386688552786,0.259435868374819,0.138450205920722,-0.00598616914077555,2.70488070595192,1.98976739943324,0.481535382999351,0.00847904840341177,-0.0515492444990163,-270.383694154666,0.977272727272727,0.0844155844155839,7.0,0.055269920646388,-0.00340993616073766,14.0,0.273932883012918,-0.0120955908910861,6.0,0.383528960632504,0.433413160356037,22.5196011318211,24.0875840234944,24.0664628936927,0.871765029167295,0.0246926125903713,-0.0651648604152426,0.696201645659419,0.022738280828514,0.769832646108255,0.208002296692028,3.70107762438837,-0.425103545181836,0.362611437352498,0.0116116548087464,0.0110146393722506,0.00799845134700183,1.78364120909799,0.147437470279711,0.00404858151084868,0.0041739270388472,0.0399208448923893,0.0280678226877259,0.47750873638856,0.332645073742059,0.52622034215661,0.403526977248137,3.11232220760349,0.00601773565289725,0.307529306396003,8.9181517560522E-4,,-1.21531679898534,0.0,0.0,0.675235756998687,7.78380157316144,1.01650357584252,0.463292259320564,0.53367423943787,0.0867488399661807,0.00553145821598716,0.8659308412401,0.1340691587599,0.698918935651503,-0.0185445356140799,-0.110293911706546,0.0867488399661807,-9.07422681157337E8,0.0,60.8069109104695,68.3142260906808
"002236","2014-08-04",68.4837361815617,5.25672254570896,108.118005950177,3.32969514963026,1.41,57.31,1.23197722049341,1.31,0.81,1.82,0.32,23.49,26.95,23.27,24.29,24.73,105.0,1.47505598697919,16.17,0.426923702205883,64.8425249205671,5.55191212003241,23.24,27.84,23.22,24.29,25.12,0.910400219498642,0.539707645951438,0.206306908747206,45.36,16.94,0.508888713730282,34.42,6.48,23.67920838847,4.8862490243087,1.05,0.93,1.08,0.272370362148832,1.01,0.929544648324046,0.431933811340191,2.23,1.12,1.9,2.56,1.23,0.573076297794117,0.206306908747206,0.169386688552786,0.202740800632424,0.0990013468855031,0.169386688552786,0.259435868374819,0.138450205920722,-0.00598616914077555,2.70488070595192,1.98976739943324,0.481535382999351,0.00847904840341177,-0.0515492444990163,-263.487267947483,0.977272727272727,0.0926573426573419,7.0,0.0567165367663392,-0.0036534047231849,12.0,0.281102709198965,-0.012412176776478,4.0,0.383528960632504,0.433413160356037,22.5196011318211,24.0617470316554,24.0406259018537,0.838426969556785,0.0247832369927501,-0.0620843875208201,0.681951763591788,0.0226555612882044,0.774732116588696,0.208900195216089,3.70862322932396,-0.480304644675396,0.290990146424002,0.0117074649873525,0.0110697940187037,0.0079957277848091,1.76914647822254,0.151296448521349,0.00415454770743508,0.0041739270388472,0.0409657195198179,0.0280678226877259,0.47750873638856,0.332645073742059,0.52622034215661,0.403526977248137,3.11232220760349,0.00601773565289725,0.307529306396003,9.15135881771776E-4,,-1.21531679898534,0.0,0.0,0.675235756998687,7.78380157316144,1.01650357584252,0.463292259320564,0.53367423943787,0.0867488399661807,0.00553145821598716,0.8659308412401,0.1340691587599,0.698918935651503,-0.0185445356140799,-0.110293911706546,0.0867488399661807,-7.71571935205994E8,0.0,57.0269416898242,61.9161528713429
"002236","2014-08-05",68.4837361815617,5.25672254570896,108.118005950177,3.32969514963026,1.41,57.31,1.23197722049341,1.24,0.84,1.72,0.32,23.67,26.86,23.3,24.39,24.69,105.0,1.47505598697919,16.17,0.426923702205883,64.8425249205671,5.55191212003241,23.39,27.73,23.17,24.41,25.06,0.910400219498642,0.539707645951438,0.206306908747206,45.36,16.94,0.508888713730282,34.42,6.57,23.8070977565839,4.91263923507563,1.07,0.96,1.03,0.272370362148832,1.01,0.929544648324046,0.431933811340191,2.24,1.12,1.95,2.04,1.25,0.573076297794117,0.206306908747206,0.169386688552786,0.202740800632424,0.0990013468855031,0.169386688552786,0.259435868374819,0.138450205920722,-0.00598616914077555,2.70488070595192,1.98976739943324,0.481535382999351,0.00847904840341177,-0.0515492444990163,-264.910340021981,0.977272727272727,0.0926573426573419,6.0,0.0564118611556109,-0.0036502696223297,9.0,0.279592653323102,-0.0123454997937945,1.0,0.383528960632504,0.433413160356037,22.5196011318211,24.0671334130231,24.0460122832214,0.825316853920097,0.0246926125903713,-0.0613732172757936,0.679601218369501,0.0226083281861871,0.774732116588696,0.208900195216089,3.70862322932396,-0.47491808755299,0.296376703546408,0.0117442633704245,0.0110944246355194,0.00802074267047396,1.75291434283599,0.150483699004499,0.004132229889172,0.0041739270388472,0.0407456557372734,0.0280678226877259,0.47750873638856,0.332645073742059,0.52622034215661,0.403526977248137,3.11232220760349,0.00601773565289725,0.307529306396003,9.10224337252494E-4,,-1.21531679898534,0.0,0.0,0.675235756998687,7.78380157316144,1.01650357584252,0.463292259320564,0.53367423943787,0.0867488399661807,0.00553145821598716,0.8659308412401,0.1340691587599,0.698918935651503,-0.0185445356140799,-0.110293911706546,0.0867488399661807,-6.12012754461042E8,0.166666666666667,64.2540742066748,56.8567162171075
"002236","2014-08-06",68.4837361815617,5.25672254570896,108.118005950177,3.32969514963026,1.41,57.31,1.23197722049341,1.22,0.87,1.14,0.32,23.84,26.78,23.37,24.37,24.65,105.0,1.47505598697919,16.17,0.426923702205883,64.8425249205671,5.55191212003241,23.56,27.62,23.19,24.37,24.99,0.910400219498642,0.539707645951438,0.206306908747206,45.36,16.94,0.508888713730282,34.42,6.53,24.112064711317,4.97556973767371,1.07,1.02,0.99,0.272370362148832,1.01,0.929544648324046,0.431933811340191,2.23,1.13,1.87,1.6,1.26,0.573076297794117,0.206306908747206,0.169386688552786,0.202740800632424,0.0990013468855031,0.169386688552786,0.259435868374819,0.138450205920722,-0.00598616914077555,2.70488070595192,1.98976739943324,0.481535382999351,0.00847904840341177,-0.0515492444990163,-268.303819584246,1.0,0.115384615384615,7.0,0.0556983696436469,-0.0036041013814924,8.0,0.276056393733949,-0.0121893551615596,0.0,0.383528960632504,0.433413160356037,22.5196011318211,24.0798619774004,24.0587408475988,0.802027443751278,0.0248738613951289,-0.0603455871775116,0.678162198779593,0.0226050314506328,0.789329757138209,0.212680082533197,3.71134780340798,-0.477689976182866,0.309105182282034,0.0118953851237862,0.0111289970759281,0.00804472407798065,1.73161294979164,0.148580396405911,0.00407996586364595,0.0041739270388472,0.0402303088062838,0.0280678226877259,0.47750873638856,0.332645073742059,0.52622034215661,0.403526977248137,3.11232220760349,0.00601773565289725,0.307529306396003,8.98722258407209E-4,,-1.21531679898534,0.0,0.0,0.675235756998687,7.78380157316144,1.01650357584252,0.463292259320564,0.53367423943787,0.0867488399661807,0.00553145821598716,0.8659308412401,0.1340691587599,0.698918935651503,-0.0185445356140799,-0.110293911706546,0.0867488399661807,-4.5346512085679E8,0.333333333333333,66.4763829443487,60.9717280229203
"002236","2014-08-07",68.4837361815617,5.25672254570896,108.118005950177,3.32969514963026,1.41,57.31,1.23197722049341,1.24,0.81,0.78,0.32,24.05,26.7,23.47,24.35,24.61,105.0,1.47505598697919,16.17,0.426923702205883,64.8425249205671,5.55191212003241,23.86,27.52,23.27,24.31,24.93,0.910400219498642,0.539707645951438,0.206306908747206,45.36,16.94,0.508888713730282,34.42,6.54,23.9841753432031,4.94917952690677,1.14,1.07,0.99,0.272370362148832,1.01,0.929544648324046,0.431933811340191,2.07,1.13,1.82,1.53,1.29,0.573076297794117,0.206306908747206,0.169386688552786,0.202740800632424,0.0990013468855031,0.169386688552786,0.259435868374819,0.138450205920722,-0.00598616914077555,2.70488070595192,1.98976739943324,0.481535382999351,0.00847904840341177,-0.0515492444990163,-266.880747509748,1.0,0.115384615384615,7.0,0.0559953666926081,-0.00362331931338715,6.0,0.277528392552054,-0.0122543517231266,-2.0,0.383528960632504,0.433413160356037,22.5196011318211,24.0745439039136,24.0534227741119,0.791978107898276,0.0246926125903713,-0.059741055940073,0.684035317799534,0.0225433665497587,0.787794790960587,0.212700051924793,3.70378278628319,-0.520132006327982,0.272513340020108,0.0119587687237472,0.0111388553742585,0.00805639721494783,1.71459866958243,0.149372662670585,0.00410172121894841,0.0041739270388472,0.0404448264496315,0.0280678226877259,0.47750873638856,0.332645073742059,0.52622034215661,0.403526977248137,3.11232220760349,0.00601773565289725,0.307529306396003,9.03510130966127E-4,,-1.21531679898534,0.0,0.0,0.675235756998687,7.78380157316144,1.01650357584252,0.463292259320564,0.53367423943787,0.0867488399661807,0.00553145821598716,0.8659308412401,0.1340691587599,0.698918935651503,-0.0185445356140799,-0.110293911706546,0.0867488399661807,-3.85263307525432E8,0.166666666666667,60.1285291910617,65.1789818430725
"002236","2014-08-08",99.4092000203594,3.62139520211681,108.118005950177,3.32969514963026,1.41,57.31,1.23197722049341,1.03,0.73,0.62,0.32,24.27,26.63,23.58,24.45,24.58,105.0,1.47505598697919,16.17,0.426923702205883,64.8425249205671,5.55191212003241,24.17,27.42,23.37,24.42,24.88,0.910400219498642,0.539707645951438,0.206306908747206,45.36,16.94,0.508888713730282,34.42,6.59,24.0038506306052,4.95323955933245,1.14,1.08,1.02,0.272370362148832,1.01,0.929544648324046,0.431933811340191,2.05,1.13,1.79,1.42,1.3,0.573076297794117,0.206306908747206,0.169386688552786,0.202740800632424,0.0990013468855031,0.169386688552786,0.259435868374819,0.138450205920722,-0.00598616914077555,2.70488070595192,1.98976739943324,0.481535382999351,0.00847904840341177,-0.0515492444990163,-267.099681675055,1.0,0.115384615384615,7.0,0.0559494688510567,-0.00362034937952372,4.0,0.277300910263077,-0.0122443071725339,-4.0,0.383528960632504,0.433413160356037,22.5196011318211,24.0753639121596,24.0542427823579,0.788879119299205,0.0248738613951289,-0.0557955555733459,0.683985422370942,0.0225588519433324,0.773216981453088,0.210302934418924,3.67668184749548,-0.493221154465479,0.2529272564879,0.0121609873123677,0.0112413303848298,0.00809997740636004,1.67098968383215,0.149250226061839,0.00409835915237551,0.0041739270388472,0.0404116749525417,0.0280678226877259,0.47750873638856,0.332645073742059,0.52622034215661,0.403526977248137,3.11232220760349,0.00601773565289725,0.307529306396003,9.02770217467005E-4,,-1.21531679898534,0.0,0.0,0.675235756998687,7.78380157316144,1.01650357584252,0.463292259320564,0.53367423943787,0.0867488399661807,0.00553145821598716,0.8659308412401,0.1340691587599,0.698918935651503,-0.0185445356140799,-0.110293911706546,0.0867488399661807,-3.3980279719791E8,0.333333333333333,61.4378033153162,69.8925327071424
"002236","2014-08-11",99.4092000203594,3.62139520211681,108.118005950177,3.32969514963026,1.41,57.31,1.23197722049341,1.04,0.72,0.58,0.32,24.51,26.56,23.71,24.68,24.57,105.0,1.47505598697919,16.17,0.426923702205883,64.8425249205671,5.55191212003241,24.45,27.33,23.47,24.61,24.84,0.910400219498642,0.539707645951438,0.206306908747206,45.36,16.94,0.508888713730282,34.42,6.73,24.1907658609255,4.99180986737644,1.13,1.09,1.04,0.272370362148832,1.01,0.929544648324046,0.431933811340191,2.01,1.13,1.8,1.45,1.32,0.573076297794117,0.206306908747206,0.169386688552786,0.202740800632424,0.0990013468855031,0.169386688552786,0.259435868374819,0.138450205920722,-0.00598616914077555,2.70488070595192,1.98976739943324,0.481535382999351,0.00847904840341177,-0.0515492444990163,-269.179556245475,1.0,0.115384615384615,7.0,0.0550092975352627,-0.00410024149792811,2.0,0.275158284278938,-0.0121496988617253,-6.0,0.370872574017745,0.433413160356037,22.5196011318211,24.0831206360885,24.0619995062869,0.838529596051107,0.0243452271624982,-0.053727864242922,0.687650032102389,0.0225080763402276,0.764239271251198,0.207476920378147,3.68349052925162,-0.468107661734802,0.21004675701215,0.0124130970055786,0.0112774338329776,0.00813472916352206,1.64279537133366,0.148097011627038,0.00406669228621238,0.0041739270388472,0.0400994253290775,0.0280678226877259,0.47750873638856,0.332645073742059,0.52622034215661,0.403526977248137,3.11232220760349,0.00601773565289725,0.307529306396003,8.95801015033167E-4,,-1.21531679898534,0.0,0.0,0.675235756998687,7.78380157316144,1.01650357584252,0.463292259320564,0.53367423943787,0.0867488399661807,0.00553145821598716,0.8659308412401,0.1340691587599,0.698918935651503,-0.0185445356140799,-0.110293911706546,0.0867488399661807,-3.34601628926516E8,0.5,65.9431826630461,69.1563069381035
"002236","2014-08-12",99.4092000203594,3.62139520211681,108.118005950177,3.32969514963026,1.41,57.31,1.23197722049341,0.96,0.72,0.53,0.32,24.61,26.49,23.82,24.77,24.55,105.0,1.47505598697919,16.17,0.426923702205883,64.8425249205671,5.55191212003241,24.56,27.23,23.56,24.69,24.8,0.910400219498642,0.539707645951438,0.206306908747206,45.36,16.94,0.508888713730282,34.42,6.68,24.7318362644842,5.1034607590827,1.04,1.07,1.02,0.272370362148832,1.01,0.929544648324046,0.431933811340191,1.71,1.14,1.8,1.37,1.34,0.573076297794117,0.206306908747206,0.169386688552786,0.202740800632424,0.0990013468855031,0.169386688552786,0.259435868374819,0.138450205920722,-0.00598616914077555,2.70488070595192,1.98976739943324,0.481535382999351,0.00847904840341177,-0.0515492444990163,-275.20024579143,1.0,0.115384615384615,6.0,0.0547767189773364,-0.003039651938581,-1.0,0.269138512745389,-0.0118838939940265,-9.0,0.395608959089267,0.433413160356037,22.5196011318211,24.1052409830225,24.0841198532209,0.814236903482063,0.0239978417346252,-0.0502955915146432,0.695096062711623,0.022477941464278,0.764239271251198,0.207476920378147,3.68349052925162,-0.445987160373992,0.232167258372961,0.012460388044273,0.0113108432035151,0.00816486148055973,1.63070660454028,0.14485702131698,0.0039777232823374,0.0041739270388472,0.0392221507097063,0.0280678226877259,0.47750873638856,0.332645073742059,0.52622034215661,0.403526977248137,3.11232220760349,0.00601773565289725,0.307529306396003,8.76220312853647E-4,,-1.21531679898534,0.0,0.0,0.675235756998687,7.78380157316144,1.01650357584252,0.463292259320564,0.53367423943787,0.0867488399661807,0.00553145821598716,0.8659308412401,0.1340691587599,0.698918935651503,-0.0185445356140799,-0.110293911706546,0.0867488399661807,-1.30122107075711E8,0.666666666666667,85.5512099470634,69.5712474754913
"002236","2014-08-13",99.4092000203594,3.62139520211681,108.118005950177,3.32969514963026,1.41,57.31,1.23197722049341,0.74,0.75,0.61,0.32,24.71,26.43,23.96,24.95,24.55,105.0,1.47505598697919,16.17,0.426923702205883,64.8425249205671,5.55191212003241,24.62,27.14,23.67,24.87,24.77,0.910400219498642,0.539707645951438,0.206306908747206,45.36,16.94,0.508888713730282,34.42,6.77,24.5252457467618,5.06083041861304,1.03,1.1,1.04,0.272370362148832,1.01,0.929544648324046,0.431933811340191,1.56,1.15,1.86,1.53,1.36,0.573076297794117,0.206306908747206,0.169386688552786,0.202740800632424,0.0990013468855031,0.169386688552786,0.259435868374819,0.138450205920722,-0.00598616914077555,2.70488070595192,1.98976739943324,0.481535382999351,0.00847904840341177,-0.0515492444990163,-272.901437055702,1.0,0.115384615384615,7.0,0.055238135382681,-0.00306525670822007,-2.0,0.271405624164424,-0.0119839989975863,-10.0,0.395608959089267,0.433413160356037,22.5196011318211,24.0968526773959,24.0757315475942,0.812538346846481,0.023239426664718,-0.0499636696157988,0.696395296905961,0.0224794858460378,0.761305193513251,0.206964894259208,3.67842670245212,-0.462966187424555,0.223778704375228,0.012565900037647,0.0113568276817908,0.00818176106076126,1.62225122954244,0.146077236899674,0.00401122997665312,0.0041739270388472,0.0395525418709192,0.0280678226877259,0.47750873638856,0.332645073742059,0.52622034215661,0.403526977248137,3.11232220760349,0.00601773565289725,0.307529306396003,8.8359470831039E-4,,-1.21531679898534,0.0,0.0,0.675235756998687,7.78380157316144,1.01650357584252,0.463292259320564,0.53367423943787,0.0867488399661807,0.00553145821598716,0.8659308412401,0.1340691587599,0.698918935651503,-0.0185445356140799,-0.110293911706546,0.0867488399661807,1.20896574919956E8,0.5,81.9364557472686,69.539534894182
"002236","2014-08-14",99.4092000203594,3.62139520211681,108.118005950177,3.32969514963026,1.41,57.31,1.23197722049341,0.57,0.79,0.73,0.32,24.68,26.35,24.05,24.88,24.52,105.0,1.47505598697919,16.17,0.426923702205883,64.8425249205671,5.55191212003241,24.61,27.03,23.78,24.89,24.73,0.910400219498642,0.539707645951438,0.206306908747206,45.36,16.94,0.508888713730282,34.42,6.57,24.849887988897,5.1278209536368,0.99,1.1,1.01,0.272370362148832,1.01,0.929544648324046,0.431933811340191,1.55,1.15,1.9,1.57,1.39,0.573076297794117,0.206306908747206,0.169386688552786,0.202740800632424,0.0990013468855031,0.169386688552786,0.259435868374819,0.138450205920722,-0.00598616914077555,2.70488070595192,1.98976739943324,0.481535382999351,0.00847904840341177,-0.0515492444990163,-276.513850783274,1.0,0.115384615384615,7.0,0.0587962410925368,0.00125453227123183,-2.0,0.267859944988879,-0.0118274384406107,-12.0,0.505169357775537,0.433413160356037,22.5196011318211,24.1100028967828,24.0888817669811,0.840320727858933,0.0239978417346252,-0.0589753923676644,0.699850313993937,0.022498261452896,0.761305193513251,0.206964894259208,3.67842670245212,-0.472942532886137,0.236430255245123,0.0128195717313866,0.0114048001583801,0.00823748682905705,1.58408186266575,0.144168864446115,0.00395882673467784,0.0041739270388472,0.0390358222027718,0.0280678226877259,0.47750873638856,0.332645073742059,0.52622034215661,0.403526977248137,3.11232220760349,0.00601773565289725,0.307529306396003,8.72061376060479E-4,,-1.21531679898534,0.0,0.0,0.675235756998687,7.78380157316144,1.01650357584252,0.463292259320564,0.53367423943787,0.0867488399661807,0.00553145821598716,0.8659308412401,0.1340691587599,0.698918935651503,-0.0185445356140799,-0.110293911706546,0.0867488399661807,4.43899245880153E8,0.5,80.0819610874042,78.9420027943489
"002236","2014-08-15",99.4092000203594,3.62139520211681,108.118005950177,3.32969514963026,1.41,57.31,1.23197722049341,0.51,0.8,0.67,0.32,24.7,26.29,24.14,24.81,24.5,105.0,1.47505598697919,16.17,0.426923702205883,64.8425249205671,5.55191212003241,24.65,26.94,23.9,24.88,24.68,0.910400219498642,0.539707645951438,0.206306908747206,45.36,16.94,0.508888713730282,34.42,6.58,24.1317399987191,4.97962977009939,1.02,1.1,1.0,0.272370362148832,1.01,0.929544648324046,0.431933811340191,1.51,1.16,1.91,1.6,1.4,0.573076297794117,0.206306908747206,0.169386688552786,0.202740800632424,0.0990013468855031,0.169386688552786,0.259435868374819,0.138450205920722,-0.00598616914077555,2.70488070595192,1.98976739943324,0.481535382999351,0.00847904840341177,-0.0515492444990163,-268.522753749553,1.0,0.115384615384615,7.0,0.0605459865469824,0.00129186649699617,-2.0,0.275831317179742,-0.0121794168369273,-14.0,0.505169357775537,0.433413160356037,22.5196011318211,24.0806776381308,24.0595565083292,0.83294797352952,0.0246926125903713,-0.0561465126424533,0.697483480594396,0.022507607759961,0.753760262488979,0.205455919626889,3.6687201023841,-0.524631081733995,0.261394012476685,0.0130739662117462,0.0115080103922515,0.00827138354517158,1.56217244794134,0.148459254623272,0.00407663935254637,0.0041739270388472,0.0401975079022428,0.0280678226877259,0.47750873638856,0.332645073742059,0.52622034215661,0.403526977248137,3.11232220760349,0.00601773565289725,0.307529306396003,8.97990162838794E-4,,-1.21531679898534,0.0,0.0,0.675235756998687,7.78380157316144,1.01650357584252,0.463292259320564,0.53367423943787,0.0867488399661807,0.00553145821598716,0.8659308412401,0.1340691587599,0.698918935651503,-0.0185445356140799,-0.110293911706546,0.0867488399661807,6.96238577213305E8,0.333333333333333,57.8164103287797,76.4569802005026
"002236","2014-08-18",99.4092000203594,3.62139520211681,108.118005950177,3.32969514963026,1.41,57.31,1.23197722049341,0.51,0.82,0.79,0.32,24.74,26.24,24.22,24.77,24.49,105.0,1.47505598697919,16.17,0.426923702205883,64.8425249205671,5.55191212003241,24.71,26.88,23.98,24.81,24.66,0.910400219498642,0.539707645951438,0.206306908747206,45.36,16.94,0.508888713730282,34.42,6.64,24.1514152861212,4.98368980252507,1.02,1.07,0.99,0.272370362148832,1.01,0.929544648324046,0.431933811340191,1.55,1.15,1.89,1.66,1.41,0.573076297794117,0.206306908747206,0.169386688552786,0.202740800632424,0.0990013468855031,0.169386688552786,0.259435868374819,0.138450205920722,-0.00598616914077555,2.70488070595192,1.98976739943324,0.481535382999351,0.00847904840341177,-0.0515492444990163,-268.741687914861,1.0,0.115384615384615,9.0,0.0604966619143576,0.00129081405993141,-2.0,0.275606607349046,-0.0121694947050846,-16.0,0.505169357775537,0.433413160356037,22.5196011318211,24.081492634101,24.0603715042993,0.781605999329589,0.0247832369927501,-0.0599638644501577,0.704506484301644,0.0225013265116631,0.75518026874705,0.205572701243308,3.67354354045894,-0.514397184417714,0.247838878454278,0.0133925384482025,0.0115278702136788,0.00830763418727604,1.55417189509246,0.148338310220321,0.00407331826142413,0.0041739270388472,0.04016476044163,0.0280678226877259,0.47750873638856,0.332645073742059,0.52622034215661,0.403526977248137,3.11232220760349,0.00601773565289725,0.307529306396003,8.97259259023845E-4,,-1.21531679898534,0.0,0.0,0.675235756998687,7.78380157316144,1.01650357584252,0.463292259320564,0.53367423943787,0.0867488399661807,0.00553145821598716,0.8659308412401,0.1340691587599,0.698918935651503,-0.0185445356140799,-0.110293911706546,0.0867488399661807,9.25488049828395E8,0.333333333333333,49.7041102886034,71.0270333678008
"002236","2014-08-19",99.4092000203594,3.62139520211681,108.118005950177,3.32969514963026,1.41,57.31,1.23197722049341,0.66,0.86,1.06,0.32,24.88,26.21,24.36,24.99,24.5,105.0,1.47505598697919,16.17,0.426923702205883,64.8425249205671,5.55191212003241,24.82,26.83,24.11,24.94,24.65,0.910400219498642,0.539707645951438,0.206306908747206,45.36,16.94,0.508888713730282,34.42,6.84,24.3875187349468,5.03241019163326,1.04,1.11,1.02,0.272370362148832,1.01,0.929544648324046,0.431933811340191,1.69,1.15,1.96,2.0,1.43,0.573076297794117,0.206306908747206,0.169386688552786,0.202740800632424,0.0990013468855031,0.169386688552786,0.259435868374819,0.138450205920722,-0.00598616914077555,2.70488070595192,1.98976739943324,0.481535382999351,0.00847904840341177,-0.0515492444990163,-271.36889789855,1.0,0.136363636363636,12.0,0.0599109741830367,0.00132551957143772,-3.0,0.272938370730903,-0.0120516778947086,-19.0,0.505169357775537,0.433413160356037,22.5196011318211,24.0912211259075,24.0700999961059,0.781225024174976,0.0246926125903713,-0.0601239394000853,0.705676911523838,0.0224560805075749,0.75518026874705,0.205572701243308,3.67354354045894,-0.50466843940424,0.257567623467752,0.013471412038964,0.0115560401741546,0.00834948536621221,1.52223392136161,0.146902199108869,0.00403388315118848,0.0041739270388472,0.0397759124179918,0.0280678226877259,0.47750873638856,0.332645073742059,0.52622034215661,0.403526977248137,3.11232220760349,0.00601773565289725,0.307529306396003,8.88580321012355E-4,,-1.21531679898534,0.0,0.0,0.675235756998687,7.78380157316144,1.01650357584252,0.463292259320564,0.53367423943787,0.0867488399661807,0.00553145821598716,0.8659308412401,0.1340691587599,0.698918935651503,-0.0185445356140799,-0.110293911706546,0.0867488399661807,1.15492630445633E9,0.333333333333333,51.2893928593438,68.7354548902065
"002236","2014-08-20",99.4092000203594,3.62139520211681,108.118005950177,3.32969514963026,1.41,57.31,1.23197722049341,0.71,0.89,1.23,0.32,25.01,26.18,24.5,25.14,24.52,105.0,1.47505598697919,16.17,0.426923702205883,64.8425249205671,5.55191212003241,24.94,26.8,24.25,25.0,24.65,0.910400219498642,0.539707645951438,0.206306908747206,45.36,16.94,0.508888713730282,34.42,6.85,25.135179656228,5.18669142380919,1.05,1.13,1.01,0.272370362148832,1.01,0.929544648324046,0.431933811340191,1.76,1.16,1.99,1.99,1.45,0.573076297794117,0.206306908747206,0.169386688552786,0.202740800632424,0.0990013468855031,0.169386688552786,0.259435868374819,0.138450205920722,-0.00598616914077555,2.70488070595192,1.98976739943324,0.481535382999351,0.00847904840341177,-0.0515492444990163,-279.688396180232,1.0,0.136363636363636,13.0,0.0581288864969659,0.00128609120062391,-2.0,0.264819655985091,-0.011693193542459,-20.0,0.505169357775537,0.433413160356037,22.5196011318211,24.1214180965101,24.1002969667085,0.780472545852159,0.0248738613951289,-0.0625156760079901,0.703832049337166,0.0225452868493983,0.75518026874705,0.205572701243308,3.67354354045894,-0.499395646740195,0.287764255908693,0.0138557895109853,0.0116821163408407,0.00843857272612963,1.48498188086023,0.142532505515024,0.00391389288915704,0.0041739270388472,0.0385927541621141,0.0280678226877259,0.47750873638856,0.332645073742059,0.52622034215661,0.403526977248137,3.11232220760349,0.00601773565289725,0.307529306396003,8.62171757363113E-4,,-1.21531679898534,0.0,0.0,0.675235756998687,7.78380157316144,1.01650357584252,0.463292259320564,0.53367423943787,0.0867488399661807,0.00553145821598716,0.8659308412401,0.1340691587599,0.698918935651503,-0.0185445356140799,-0.110293911706546,0.0867488399661807,1.43329281220616E9,0.5,70.4419481883698,68.1847937970679
"002236","2014-08-21",99.4092000203594,3.62139520211681,108.118005950177,3.32969514963026,1.41,57.31,1.23197722049341,0.73,0.89,1.11,0.32,25.11,26.15,24.66,25.29,24.53,105.0,1.47505598697919,16.17,,64.8425249205671,5.55191212003241,25.04,26.76,24.46,25.18,24.64,0.910400219498642,0.539707645951438,,45.36,16.94,0.508888713730282,34.42,6.81,,,1.04,1.19,1.04,,1.01,0.929544648324046,0.431933811340191,1.73,1.16,1.9,1.89,1.45,,,,,,,,,,,,,,,,,,,,,,,,,,,,,,,,,,,,,,,,,,,,,,,,,,,,,,,,,,-1.21531679898534,0.0,0.0,0.675235756998687,7.78380157316144,1.01650357584252,0.463292259320564,0.53367423943787,0.0867488399661807,0.00553145821598716,0.8659308412401,0.1340691587599,0.698918935651503,-0.0185445356140799,-0.110293911706546,0.0867488399661807,1.66906625945761E9,0.5,69.5156637610824,68.3458275626651
"002236","2014-08-22",99.4092000203594,3.62139520211681,108.118005950177,3.32969514963026,1.41,57.31,1.23197722049341,0.75,0.82,1.12,0.32,25.26,26.13,24.85,25.55,24.55,105.0,1.47505598697919,16.17,0.426923702205883,64.8425249205671,5.55191212003241,25.17,26.72,24.68,25.46,24.63,0.910400219498642,0.539707645951438,0.206306908747206,45.36,16.94,0.508888713730282,34.42,6.95,25.0269655755163,5.16436124546794,1.05,1.2,1.06,0.272370362148832,1.01,0.929544648324046,0.431933811340191,1.81,1.17,1.93,2.02,1.46,0.573076297794117,0.206306908747206,0.169386688552786,0.202740800632424,0.0990013468855031,0.169386688552786,0.259435868374819,0.138450205920722,-0.00598616914077555,2.70488070595192,1.98976739943324,0.481535382999351,0.00847904840341177,-0.0515492444990163,-278.484258271041,1.0,0.136363636363636,17.0,0.0583802299527311,0.00129165212955743,-2.0,0.265964709529052,-0.011743753734663,-22.0,0.505169357775537,0.433413160356037,22.5196011318211,24.1171035183323,24.0959823885307,0.804552285270826,0.0248738613951289,-0.0594639205239696,0.689722670172097,0.0224222316386248,0.759514920734435,0.207358648899565,3.66280801290478,-0.520840428487404,0.23385723768258,0.0142332414510448,0.0117868449015801,0.0085434361885638,1.44288918905813,0.143148801725978,0.0039308161681589,0.0041739270388472,0.0387596253475635,0.0280678226877259,0.47750873638856,0.332645073742059,0.52622034215661,0.403526977248137,3.11232220760349,0.00601773565289725,0.307529306396003,8.65896473269037E-4,,-1.21531679898534,0.0,0.0,0.675235756998687,7.78380157316144,1.01650357584252,0.463292259320564,0.53367423943787,0.0867488399661807,0.00553145821598716,0.8659308412401,0.1340691587599,0.698918935651503,-0.0185445356140799,-0.110293911706546,0.0867488399661807,1.74524047325723E9,0.333333333333333,63.9639084304742,69.0904494236887
"002236","2014-08-25",99.4092000203594,3.62139520211681,108.118005950177,3.32969514963026,1.41,57.31,1.23197722049341,0.77,0.82,1.13,0.32,25.3,26.1,24.97,25.6,24.55,105.0,1.47505598697919,16.17,0.426923702205883,64.8425249205671,5.55191212003241,25.21,26.68,24.84,25.59,24.61,0.910400219498642,0.539707645951438,0.206306908747206,45.36,16.94,0.508888713730282,34.42,6.82,25.5090101168686,5.26383203989715,1.01,1.14,1.03,0.272370362148832,1.01,0.929544648324046,0.431933811340191,1.8,1.17,1.9,1.94,1.47,0.573076297794117,0.206306908747206,0.169386688552786,0.202740800632424,0.0990013468855031,0.169386688552786,0.259435868374819,0.138450205920722,-0.00598616914077555,2.70488070595192,1.98976739943324,0.481535382999351,0.00847904840341177,-0.0515492444990163,-283.848145321073,1.0,0.136363636363636,18.0,0.0572770169686648,0.00126724373991288,-2.0,0.26093876631003,-0.0115218316625463,-22.0,0.505169357775537,0.433413160356037,22.5196011318211,24.136181379411,24.1150602496093,0.86617099747904,0.0252606756197065,-0.0598153004981138,0.691122483787132,0.0224348966648135,0.755581917293446,0.206931263421474,3.65136666543465,-0.52134578844213,0.280718065760229,0.0144790789480351,0.0118873355571932,0.00860433744992879,1.4236935805279,0.140443714458499,0.00385653541527043,0.0041739270388472,0.038027183526495,0.0280678226877259,0.47750873638856,0.332645073742059,0.52622034215661,0.403526977248137,3.11232220760349,0.00601773565289725,0.307529306396003,8.49547502269784E-4,,-1.21531679898534,0.0,0.0,0.675235756998687,7.78380157316144,1.01650357584252,0.463292259320564,0.53367423943787,0.0867488399661807,0.00553145821598716,0.8659308412401,0.1340691587599,0.698918935651503,-0.0185445356140799,-0.110293911706546,0.0867488399661807,1.89378748394994E9,0.5,71.0027592195949,75.7029802870418
"002236","2014-08-26",99.4092000203594,3.62139520211681,108.118005950177,3.32969514963026,1.41,57.31,1.23197722049341,0.8,0.8,1.12,0.32,25.21,26.07,24.97,25.31,24.54,105.0,1.47505598697919,16.17,0.426923702205883,64.8425249205671,5.55191212003241,25.17,26.64,24.87,25.4,24.58,0.910400219498642,0.539707645951438,0.206306908747206,45.36,16.94,0.508888713730282,34.42,6.59,25.0466408629184,5.16842127789362,0.99,1.03,0.96,0.272370362148832,1.01,0.929544648324046,0.431933811340191,1.87,1.18,1.79,1.74,1.48,0.573076297794117,0.206306908747206,0.169386688552786,0.202740800632424,0.0990013468855031,0.169386688552786,0.259435868374819,0.138450205920722,-0.00598616914077555,2.70488070595192,1.98976739943324,0.481535382999351,0.00847904840341177,-0.0515492444990163,-278.703192436348,1.0,0.083333333333333,19.0,0.0569189946872571,-3.12739405698423E-4,-5.0,0.265755782027458,3.39267075277803E-4,-19.0,0.468649224585369,0.433413160356037,22.5196011318211,24.1178893729897,24.096768243188,0.838491428372297,0.025647489844284,-0.0608692796307293,0.694957017324608,0.0223985417147982,0.758908559518764,0.20778226209877,3.6524222609436,-0.539637917370681,0.262425936831678,0.0144779655774783,0.0119071731501432,0.0086281176647317,1.41976771795772,0.143036351763899,0.00392772833142036,0.0041739270388472,0.0387291778806762,0.0280678226877259,0.47750873638856,0.332645073742059,0.52622034215661,0.403526977248137,3.11232220760349,0.00601773565289725,0.307529306396003,8.6521686031928E-4,,-1.21531679898534,0.0,0.0,0.675235756998687,7.78380157316144,1.01650357584252,0.463292259320564,0.53367423943787,0.0867488399661807,0.00553145821598716,0.8659308412401,0.1340691587599,0.698918935651503,-0.0185445356140799,-0.110293911706546,0.0867488399661807,2.0156387061421E9,0.333333333333333,62.8018781005251,69.399595980905
"002236","2014-08-27",99.4092000203594,3.62139520211681,108.118005950177,3.32969514963026,1.41,57.31,1.23197722049341,0.82,0.66,0.83,0.32,25.14,26.04,24.97,25.12,24.53,105.0,1.47505598697919,16.17,0.426923702205883,64.8425249205671,5.55191212003241,25.12,26.62,24.88,25.24,24.56,0.910400219498642,0.539707645951438,0.206306908747206,45.36,16.94,0.508888713730282,34.42,6.63,24.2104411483276,4.99586989980212,0.98,1.01,0.97,0.272370362148832,1.01,0.929544648324046,0.431933811340191,1.81,1.18,1.68,1.62,1.5,0.573076297794117,0.206306908747206,0.169386688552786,0.202740800632424,0.0990013468855031,0.169386688552786,0.259435868374819,0.138450205920722,-0.00598616914077555,2.70488070595192,1.98976739943324,0.481535382999351,0.00847904840341177,-0.0515492444990163,-269.398490410783,1.0,0.083333333333333,20.0,0.0588849087662562,-3.23541051161391E-4,-6.0,0.274934669257175,3.50984954757126E-4,-18.0,0.468649224585369,0.433413160356037,22.5196011318211,24.0839336442634,24.0628125144617,0.873506424084624,0.025647489844284,-0.0643975270716439,0.702755736652285,0.0224385183000554,0.761658485355661,0.207626893663296,3.66839994529238,-0.610548173605475,0.228470055432967,0.0145465413505247,0.0119679196254479,0.0086583401601592,1.41967612104432,0.147976656477402,0.00406338737578067,0.0041739270388472,0.040066837417392,0.0280678226877259,0.47750873638856,0.332645073742059,0.52622034215661,0.403526977248137,3.11232220760349,0.00601773565289725,0.307529306396003,8.95073669070443E-4,,-1.21531679898534,0.0,0.0,0.675235756998687,7.78380157316144,1.01650357584252,0.463292259320564,0.53367423943787,0.0867488399661807,0.00553145821598716,0.8659308412401,0.1340691587599,0.698918935651503,-0.0185445356140799,-0.110293911706546,0.0867488399661807,2.10881470238599E9,0.166666666666667,50.2082892870919,62.757342120651
"002236","2014-08-28",99.4092000203594,3.62139520211681,108.118005950177,3.32969514963026,0.9,59.87,1.23197722049341,0.92,0.64,1.02,0.25,24.89,26.0,24.84,24.54,24.48,110.0,1.47505598697919,18.01,0.426923702205883,64.8425249205671,5.55191212003241,25.0,26.58,24.81,24.81,24.51,0.479144537534046,0.458061991175136,0.206306908747206,45.36,15.68,0.505186783679156,34.42,5.38,23.1593335684986,4.51209901062396,0.95,0.94,0.91,0.272370362148832,1.02,0.498737041239214,0.341711799774901,1.91,1.19,1.73,1.94,1.54,0.573076297794117,0.206306908747206,0.169386688552786,0.202740800632424,0.0990013468855031,0.169386688552786,0.259435868374819,0.138450205920722,-0.00598616914077555,2.70488070595192,1.98976739943324,0.481535382999351,0.00847904840341177,-0.0515492444990163,-57.3334573700094,1.0,0.083333333333333,21.0,0.0583816232829416,-4.91910050660304E-4,-6.0,0.273379483249256,3.48999585316075E-4,-16.0,0.464380137629237,0.433413160356037,22.5196011318211,24.0896062688751,24.0684851390735,0.885073060456089,0.025647489844284,-0.0617498635714389,0.702278973262678,0.0224348842136591,0.761658485355661,0.207626893663296,3.66839994529238,-0.604874959831004,0.26769511437259,0.0146545532546929,0.0118416567155616,0.0086940676822659,1.40947029709061,0.147139616804399,0.00404040255830151,0.0041739270388472,0.0398401967208896,0.0280678226877259,0.47750873638856,0.332645073742059,0.52622034215661,0.403526977248137,3.11232220760349,0.00601773565289725,0.307529306396003,8.90015132278748E-4,-0.550190391788225,-1.92233118990483,0.0,0.0,0.749877934484921,8.73411338174914,1.06868360122698,0.344195630684824,0.453637628015982,0.0858562170777255,0.00510939758286543,0.866388548043471,0.133611451956529,0.716479485967265,-0.0786992310877836,-0.505776764540026,0.0858562170777255,2.20738430421562E9,0.166666666666667,45.5581849696627,56.6353633736327
"002236","2014-08-29",97.0503045420908,3.70941648971197,116.162664567141,3.09910246413057,0.9,59.87,1.23710417338845,0.85,0.6,0.98,0.25,24.68,25.95,24.75,24.06,24.43,110.0,1.48632124774791,18.01,0.401267657603826,67.0395500799171,5.36996443995892,24.88,26.54,24.77,24.3,24.46,0.479144537534046,0.458061991175136,0.194889115295819,45.36,15.68,0.505186783679156,34.42,5.4,21.7838095141272,4.24410767544751,0.95,0.97,0.9,0.272370362148832,1.02,0.498737041239214,0.341711799774901,1.9,1.18,1.7,1.77,1.55,0.598732342396174,0.194889115295819,0.15680755911629,0.189080736317562,0.088068396854172,0.15680755911629,0.237586833746382,0.136997866627494,-0.00536767676941754,3.53422615731649,2.68530726133746,0.33392444996938,0.00801566855116279,-0.304748950283005,-53.92819747773,1.0,0.083333333333333,22.0,0.0574886162741766,-0.00466372448387124,-6.0,0.299279887090988,0.00900907649466046,-14.0,0.3563360080821,0.476015007600857,22.5196011318211,24.0283754027237,24.007254272922,0.877411266003649,0.025647489844284,-0.0708624419066292,0.72015465531277,0.0226816960112272,0.769020750452799,0.207105265617017,3.71318782340806,-0.627325065195411,0.225274819447846,0.0148996130647402,0.0119295944744429,0.00879142387988406,1.42895271611565,0.1564306493088,0.00429553107035921,0.0041739270388472,0.0423558792457911,0.0280678226877259,0.47750873638856,0.332645073742059,0.52622034215661,0.403526977248137,3.11232220760349,0.00601773565289725,0.307529306396003,9.46161367694794E-4,-0.550190391788225,-1.92233118990483,0.0,0.0,0.749877934484921,8.73411338174914,1.06868360122698,0.344195630684824,0.453637628015982,0.0858562170777255,0.00510939758286543,0.866388548043471,0.133611451956529,0.716479485967265,-0.0786992310877836,-0.505776764540026,0.0858562170777255,2.13576084705274E9,0.166666666666667,35.3983531604285,48.7906835502393
"002236","2014-09-01",97.0503045420908,3.70941648971197,116.162664567141,3.09910246413057,0.9,59.87,1.23710417338845,0.85,0.58,0.85,0.25,24.52,25.91,24.68,23.82,24.42,110.0,1.48632124774791,18.01,0.401267657603826,67.0395500799171,5.36996443995892,24.77,26.49,24.75,23.95,24.45,0.479144537534046,0.458061991175136,0.194889115295819,45.36,15.68,0.505186783679156,34.42,5.48,21.8867398855428,4.26416144882806,0.96,0.98,0.93,0.272370362148832,1.02,0.498737041239214,0.341711799774901,1.85,1.17,1.7,1.76,1.54,0.598732342396174,0.194889115295819,0.15680755911629,0.189080736317562,0.088068396854172,0.15680755911629,0.237586833746382,0.136997866627494,-0.00536767676941754,3.53422615731649,2.68530726133746,0.33392444996938,0.00801566855116279,-0.304748950283005,-54.183012843819,0.961538461538462,0.044871794871795,22.0,0.0576402424160918,-0.00421980430675362,-6.0,0.298258051498739,0.0093523451848226,-12.0,0.36633904970677,0.477925913754767,22.5196011318211,24.0330893604565,24.0119682306548,0.845409880222874,0.0258056737984373,-0.0697887197438599,0.712315419086662,0.0226743935356207,0.769763562105111,0.206631756078929,3.72529168174459,-0.614578716525278,0.221732177664411,0.0149120373221867,0.0119424551207851,0.00884284034551304,1.42796668523187,0.155694977165834,0.00427532976990006,0.0041739270388472,0.0421566852861059,0.0280678226877259,0.47750873638856,0.332645073742059,0.52622034215661,0.403526977248137,3.11232220760349,0.00601773565289725,0.307529306396003,9.41715889337586E-4,-0.550190391788225,-1.92233118990483,0.0,0.0,0.749877934484921,8.73411338174914,1.06868360122698,0.344195630684824,0.453637628015982,0.0858562170777255,0.00510939758286543,0.866388548043471,0.133611451956529,0.716479485967265,-0.0786992310877836,-0.505776764540026,0.0858562170777255,2.02526960200814E9,0.166666666666667,32.7810097757474,43.6250949867603
"002236","2014-09-02",97.0503045420908,3.70941648971197,116.162664567141,3.09910246413057,0.9,59.87,1.23710417338845,0.83,0.6,0.89,0.25,24.4,25.87,24.64,23.83,24.41,110.0,1.48632124774791,18.01,0.401267657603826,67.0395500799171,5.36996443995892,24.63,26.44,24.73,23.85,24.45,0.479144537534046,0.458061991175136,0.194889115295819,45.36,15.68,0.505186783679156,34.42,5.57,22.1768163868048,4.32067662835507,0.94,0.98,0.98,0.272370362148832,1.02,0.498737041239214,0.341711799774901,1.72,1.17,1.7,1.7,1.54,0.598732342396174,0.194889115295819,0.15680755911629,0.189080736317562,0.088068396854172,0.15680755911629,0.237586833746382,0.136997866627494,-0.00536767676941754,3.53422615731649,2.68530726133746,0.33392444996938,0.00801566855116279,-0.304748950283005,-54.9011288755241,0.961538461538462,-0.015734265734265,19.0,0.0568862983169783,-7.15686491704551E-4,-5.0,0.294356785846224,0.00886555333908978,-9.0,0.36633904970677,0.477925913754767,22.5196011318211,24.0462558280015,24.0251346981998,0.845409880222874,0.025647489844284,-0.0697890979118164,0.713586463025713,0.0226287465766266,0.769763562105111,0.206631756078929,3.72529168174459,-0.601412352038901,0.234898542150788,0.0148912708594264,0.0119552091532417,0.00886218205410836,1.42127317630692,0.153658460586872,0.00421940773493512,0.0041739270388472,0.0416052687275112,0.0280678226877259,0.47750873638856,0.332645073742059,0.52622034215661,0.403526977248137,3.11232220760349,0.00601773565289725,0.307529306396003,9.29409534849004E-4,-0.550190391788225,-1.92233118990483,0.0,0.0,0.749877934484921,8.73411338174914,1.06868360122698,0.344195630684824,0.453637628015982,0.0858562170777255,0.00510939758286543,0.866388548043471,0.133611451956529,0.716479485967265,-0.0786992310877836,-0.505776764540026,0.0858562170777255,1.83504035188914E9,0.333333333333333,41.7165989255409,48.3168275902476
"002236","2014-09-03",97.0503045420908,3.70941648971197,116.162664567141,3.09910246413057,0.9,59.87,1.23710417338845,0.98,0.72,1.41,0.25,24.58,25.85,24.76,24.38,24.45,110.0,1.48632124774791,18.01,0.401267657603826,67.0395500799171,5.36996443995892,24.67,26.41,24.81,24.09,24.47,0.479144537534046,0.458061991175136,0.194889115295819,45.36,15.68,0.505186783679156,34.42,6.0,22.5511086464977,4.39359944064798,1.02,1.07,1.05,0.272370362148832,1.02,0.498737041239214,0.341711799774901,1.98,1.2,1.87,2.34,1.61,0.598732342396174,0.194889115295819,0.15680755911629,0.189080736317562,0.088068396854172,0.15680755911629,0.237586833746382,0.136997866627494,-0.00536767676941754,3.53422615731649,2.68530726133746,0.33392444996938,0.00801566855116279,-0.304748950283005,-55.8277302067566,0.961538461538462,-0.015734265734265,18.0,0.0559421273905555,-7.03807877734351E-4,-6.0,0.289471196039648,0.00871840722557792,-8.0,0.36633904970677,0.477925913754767,22.5196011318211,24.062992620357,24.0418714905554,0.837739373918654,0.0252606756197065,-0.0696565433736124,0.71517657548691,0.0226028643479882,0.769763562105111,0.206631756078929,3.72529168174459,-0.607005321515491,0.251634980365534,0.0149067669905464,0.0119742583346775,0.00891389244448963,1.41239396269122,0.151108112693314,0.00414937607128474,0.0041739270388472,0.0409147248482165,0.0280678226877259,0.47750873638856,0.332645073742059,0.52622034215661,0.403526977248137,3.11232220760349,0.00601773565289725,0.307529306396003,9.13997749676795E-4,-0.550190391788225,-1.92233118990483,0.0,0.0,0.749877934484921,8.73411338174914,1.06868360122698,0.344195630684824,0.453637628015982,0.0858562170777255,0.00510939758286543,0.866388548043471,0.133611451956529,0.716479485967265,-0.0786992310877836,-0.505776764540026,0.0858562170777255,1.66760478500751E9,0.333333333333333,45.825629856158,47.0755308362013
"002236","2014-09-04",97.0503045420908,3.70941648971197,116.162664567141,3.09910246413057,0.9,59.87,1.23710417338845,1.47,0.98,2.56,0.25,25.03,25.85,25.0,25.51,24.54,110.0,1.48632124774791,18.01,0.401267657603826,67.0395500799171,5.36996443995892,24.91,26.38,24.98,25.0,24.53,0.479144537534046,0.458061991175136,0.194889115295819,45.36,15.68,0.505186783679156,34.42,6.43,24.3196395735467,4.73815972873199,1.09,1.14,1.19,0.272370362148832,1.02,0.498737041239214,0.341711799774901,2.58,1.25,2.16,3.23,1.72,0.598732342396174,0.194889115295819,0.15680755911629,0.189080736317562,0.088068396854172,0.15680755911629,0.237586833746382,0.136997866627494,-0.00536767676941754,3.53422615731649,2.68530726133746,0.33392444996938,0.00801566855116279,-0.304748950283005,-60.20592149683,0.961538461538462,-0.015734265734265,16.0,0.0515596192395518,-9.67007923425637E-4,-6.0,0.268420770471547,0.00808440223687679,-6.0,0.358058384289018,0.477925913754767,22.5196011318211,24.1384926285138,24.1173714987122,0.825316853920097,0.0252606756197065,-0.0846972967022647,0.744177716552705,0.0231096202277243,0.769763562105111,0.206631756078929,3.72529168174459,-0.554668922996061,0.293746362419652,0.0154772000707081,0.0122289174697717,0.00907717510107238,1.43511827353177,0.140119488876832,0.00384763229388081,0.0041739270388472,0.0379393947226632,0.0280678226877259,0.47750873638856,0.332645073742059,0.52622034215661,0.403526977248137,3.11232220760349,0.00601773565289725,0.307529306396003,8.47587916037988E-4,-0.550190391788225,-1.92233118990483,0.0,0.0,0.749877934484921,8.73411338174914,1.06868360122698,0.344195630684824,0.453637628015982,0.0858562170777255,0.00510939758286543,0.866388548043471,0.133611451956529,0.716479485967265,-0.0786992310877836,-0.505776764540026,0.0858562170777255,1.68238332997362E9,0.333333333333333,58.5226847404818,59.3986953329097
"002236","2014-09-05",97.0503045420908,3.70941648971197,116.162664567141,3.09910246413057,0.9,59.87,1.23710417338845,1.71,1.08,2.75,0.25,25.38,25.85,25.22,26.33,24.62,110.0,1.48632124774791,18.01,0.401267657603826,67.0395500799171,5.36996443995892,25.07,26.36,25.13,25.84,24.58,0.479144537534046,0.458061991175136,0.194889115295819,45.36,15.68,0.505186783679156,34.42,6.37,26.0226693551494,5.06995852466474,1.06,1.12,1.18,0.272370362148832,1.02,0.498737041239214,0.341711799774901,2.78,1.26,2.29,3.78,1.77,0.598732342396174,0.194889115295819,0.15680755911629,0.189080736317562,0.088068396854172,0.15680755911629,0.237586833746382,0.136997866627494,-0.00536767676941754,3.53422615731649,2.68530726133746,0.33392444996938,0.00801566855116279,-0.304748950283005,-64.4219575539378,0.961538461538462,-0.038461538461538,14.0,0.0481853471426089,-9.03722974823169E-4,-6.0,0.250854218790202,0.00755532593083164,-4.0,0.358058384289018,0.477925913754767,22.5196011318211,24.2061764481063,24.1850553183046,0.788879119299205,0.0258056737984373,-0.0931017086707081,0.781913064672309,0.0234380732045239,0.792977222338063,0.212535961072232,3.73102612065054,-0.462016735107943,0.330363761790678,0.0165200285988842,0.0127581927736792,0.00936797290445594,1.30424041756571,0.130949497156018,0.003595827519524,0.0041739270388472,0.035456485754837,0.0280678226877259,0.47750873638856,0.332645073742059,0.52622034215661,0.403526977248137,3.11232220760349,0.00601773565289725,0.307529306396003,7.92162241468116E-4,-0.550190391788225,-1.92233118990483,0.0,0.0,0.749877934484921,8.73411338174914,1.06868360122698,0.344195630684824,0.453637628015982,0.0858562170777255,0.00510939758286543,0.866388548043471,0.133611451956529,0.716479485967265,-0.0786992310877836,-0.505776764540026,0.0858562170777255,1.86986277845903E9,0.333333333333333,63.9506319361291,71.8086607235978
"002236","2014-09-09",,,,,0.9,59.87,,1.77,1.15,3.03,0.25,25.65,25.85,25.37,26.84,24.69,110.0,,18.01,,,,25.24,26.33,25.23,26.53,24.63,,,,45.36,15.68,,34.42,6.28,,,1.07,1.08,1.15,,1.02,,,2.89,1.27,2.34,4.02,1.79,,,,,,,,,,,,,,,,,,,,,,,,,,,,,,,,,,,,,,,,,,,,,,,,,,,,,,,,,,,,,,,,,,,,,,,,,,,,,
"002236","2014-09-10",97.0503045420908,3.70941648971197,116.162664567141,3.09910246413057,0.9,59.87,1.23710417338845,1.83,1.17,3.18,0.25,25.95,25.85,25.53,27.23,24.77,110.0,1.48632124774791,18.01,0.401267657603826,67.0395500799171,5.36996443995892,25.51,26.31,25.35,27.17,24.68,0.479144537534046,0.458061991175136,0.194889115295819,45.36,15.68,0.505186783679156,34.42,6.3,25.4331590461331,4.9551050953034,1.11,1.09,1.13,0.272370362148832,1.02,0.498737041239214,0.341711799774901,2.92,1.28,2.39,4.13,1.81,0.598732342396174,0.194889115295819,0.15680755911629,0.189080736317562,0.088068396854172,0.15680755911629,0.237586833746382,0.136997866627494,-0.00536767676941754,3.53422615731649,2.68530726133746,0.33392444996938,0.00801566855116279,-0.304748950283005,-62.9625604572467,0.96875,-0.03125,9.0,0.0502726001042957,5.05174556388723E-4,-3.0,0.256024516429926,0.0070862452592461,1.0,0.384787899892463,0.4742165176074,22.5196011318211,24.1832621885834,24.1621410587818,0.838529596051107,0.0264093018165643,-0.0892546238988868,0.789476414476144,0.0233901377186785,0.796953696787828,0.214513067388994,3.71517552048542,-0.476088469443804,0.261517149336287,0.0173135195554462,0.0129672348112813,0.00962175809334222,1.22146157064685,0.133984750401356,0.00367917451500965,0.0041739270388472,0.0362783248286246,0.0280678226877259,0.47750873638856,0.332645073742059,0.52622034215661,0.403526977248137,3.11232220760349,0.00601773565289725,0.307529306396003,8.10508735869965E-4,-0.550190391788225,-1.92233118990483,0.0,0.0,0.749877934484921,8.73411338174914,1.06868360122698,0.344195630684824,0.453637628015982,0.0858562170777255,0.00510939758286543,0.866388548043471,0.133611451956529,0.716479485967265,-0.0786992310877836,-0.505776764540026,0.0858562170777255,2.46886893876189E9,0.166666666666667,60.1398529430011,66.0494110139534
"002236","2014-09-11",97.0503045420908,3.70941648971197,116.162664567141,3.09910246413057,0.9,59.87,1.23710417338845,1.93,1.24,3.45,0.25,26.13,25.85,25.63,27.18,24.81,110.0,1.48632124774791,18.01,0.401267657603826,67.0395500799171,5.36996443995892,25.7,26.3,25.42,27.3,24.71,0.479144537534046,0.458061991175136,0.194889115295819,45.36,15.68,0.505186783679156,34.42,6.16,25.517374804564,4.97151272806931,1.08,1.05,1.03,0.272370362148832,1.02,0.498737041239214,0.341711799774901,3.08,1.29,2.45,3.83,1.83,0.598732342396174,0.194889115295819,0.15680755911629,0.189080736317562,0.088068396854172,0.15680755911629,0.237586833746382,0.136997866627494,-0.00536767676941754,3.53422615731649,2.68530726133746,0.33392444996938,0.00801566855116279,-0.304748950283005,-63.171045756774,0.96875,-0.03125,7.0,0.0501066839323343,-3.91545443912008E-4,-3.0,0.255179551029167,0.00706285831119578,3.0,0.384787899892463,0.4742165176074,22.5196011318211,24.1865679767179,24.1654468469163,0.814236903482063,0.0264093018165643,-0.0880033263242175,0.796344983686271,0.0233510795886727,0.801220887484469,0.215567117547257,3.7168047548292,-0.458562638148395,0.272692299508414,0.0174182309882965,0.0129217068655436,0.00969248421136805,1.19946908309667,0.133542556505642,0.00366703202486111,0.0041739270388472,0.0361585943836456,0.0280678226877259,0.47750873638856,0.332645073742059,0.52622034215661,0.403526977248137,3.11232220760349,0.00601773565289725,0.307529306396003,8.07835950464767E-4,-0.550190391788225,-1.92233118990483,0.0,0.0,0.749877934484921,8.73411338174914,1.06868360122698,0.344195630684824,0.453637628015982,0.0858562170777255,0.00510939758286543,0.866388548043471,0.133611451956529,0.716479485967265,-0.0786992310877836,-0.505776764540026,0.0858562170777255,2.82699436194807E9,0.166666666666667,58.1906514636213,59.8859530756105
"002236","2014-09-12",97.0503045420908,3.70941648971197,116.162664567141,3.09910246413057,0.9,59.87,1.23710417338845,1.96,1.23,2.88,0.25,26.42,25.85,25.77,27.08,24.87,110.0,1.48632124774791,18.01,0.401267657603826,67.0395500799171,5.36996443995892,26.08,26.28,25.54,27.15,24.75,0.479144537534046,0.458061991175136,0.194889115295819,45.36,15.68,0.505186783679156,34.42,6.25,25.3021567552405,4.92958211100088,1.16,1.1,0.97,0.272370362148832,1.02,0.498737041239214,0.341711799774901,2.96,1.3,2.44,2.69,1.84,0.598732342396174,0.194889115295819,0.15680755911629,0.189080736317562,0.088068396854172,0.15680755911629,0.237586833746382,0.136997866627494,-0.00536767676941754,3.53422615731649,2.68530726133746,0.33392444996938,0.00801566855116279,-0.304748950283005,-62.6382499913153,0.96875,-0.03125,5.0,0.05125316094654,-4.0050428565193E-4,-3.0,0.261018242931935,0.00722446159588556,5.0,0.384787899892463,0.4742165176074,22.5196011318211,24.163945094611,24.1428239648093,0.814236903482063,0.0267501150759153,-0.0910904347791011,0.805127134050017,0.0233219515499714,0.788964971560279,0.212274708432799,3.71671678357315,-0.452836229380244,0.254387903846543,0.0177751225146584,0.0130527719824861,0.00979713727873852,1.16758089374797,0.136598106373176,0.00375093635851322,0.0041739270388472,0.0369859290638416,0.0280678226877259,0.47750873638856,0.332645073742059,0.52622034215661,0.403526977248137,3.11232220760349,0.00601773565289725,0.307529306396003,8.26304545494309E-4,-0.550190391788225,-1.92233118990483,0.0,0.0,0.749877934484921,8.73411338174914,1.06868360122698,0.344195630684824,0.453637628015982,0.0858562170777255,0.00510939758286543,0.866388548043471,0.133611451956529,0.716479485967265,-0.0786992310877836,-0.505776764540026,0.0858562170777255,3.0975100583577E9,0.166666666666667,57.211524366889,56.7455454325155
"002236","2014-09-15",97.0503045420908,3.70941648971197,116.162664567141,3.09910246413057,0.9,59.87,1.23710417338845,2.09,1.34,2.29,0.25,26.96,25.87,26.05,27.57,24.98,110.0,1.48632124774791,18.01,0.401267657603826,67.0395500799171,5.36996443995892,26.62,26.28,25.76,27.41,24.82,0.479144537534046,0.458061991175136,0.194889115295819,45.36,15.68,0.505186783679156,34.42,6.67,27.0145438433356,5.26320397724096,1.23,1.17,1.05,0.272370362148832,1.02,0.498737041239214,0.341711799774901,3.3,1.33,2.6,2.83,1.9,0.598732342396174,0.194889115295819,0.15680755911629,0.189080736317562,0.088068396854172,0.15680755911629,0.237586833746382,0.136997866627494,-0.00536767676941754,3.53422615731649,2.68530726133746,0.33392444996938,0.00801566855116279,-0.304748950283005,-66.8774510817039,0.96875,-0.03125,3.0,0.049064209536505,-0.00586156893973317,-5.0,0.25701059248042,0.00678343972823512,7.0,0.344540702136327,0.472271740138399,22.5196011318211,24.1780980310352,24.1569769012335,0.80763016554523,0.0267552258345733,-0.0919423468165795,0.826150441231731,0.0233079597992694,0.788545253411252,0.213237827353577,3.69796139455003,-0.464024846935272,0.288208902040466,0.0180829470261286,0.0130452490327487,0.00988320602006414,1.16263680592334,0.134678458428582,0.00369822349548677,0.0041739270388472,0.0364661563920864,0.0280678226877259,0.47750873638856,0.332645073742059,0.52622034215661,0.403526977248137,3.11232220760349,0.00601773565289725,0.307529306396003,8.14701738008248E-4,-0.550190391788225,-1.92233118990483,0.0,0.0,0.749877934484921,8.73411338174914,1.06868360122698,0.344195630684824,0.453637628015982,0.0858562170777255,0.00510939758286543,0.866388548043471,0.133611451956529,0.716479485967265,-0.0786992310877836,-0.505776764540026,0.0858562170777255,3.24561398200782E9,0.333333333333333,65.4777030564398,51.6208523329236
"002236","2014-09-16",97.0503045420908,3.70941648971197,116.162664567141,3.09910246413057,0.9,59.87,1.23710417338845,,1.43,,0.25,27.16,25.87,26.16,27.47,25.03,110.0,1.48632124774791,18.01,0.401267657603826,67.0395500799171,5.36996443995892,26.97,26.26,25.87,27.39,24.85,0.479144537534046,0.458061991175136,0.194889115295819,45.36,15.68,0.505186783679156,34.42,6.26,25.3676579006868,4.94234360315214,1.14,1.09,1.0,0.272370362148832,1.02,0.498737041239214,0.341711799774901,3.53,1.35,2.69,3.03,1.94,0.598732342396174,0.194889115295819,0.15680755911629,0.189080736317562,0.088068396854172,0.15680755911629,0.237586833746382,0.136997866627494,-0.00536767676941754,3.53422615731649,2.68530726133746,0.33392444996938,0.00801566855116279,-0.304748950283005,-62.800405224281,0.96875,-0.03125,0.0,0.0458870405650878,-0.00555712465824016,-8.0,0.240719307955336,0.00635345376693722,10.0,0.342577279225704,0.472271740138399,22.5196011318211,24.2435837735353,24.2224626437336,0.794523818039929,0.0267603365932314,-0.0894698818514233,0.825333034425286,0.0236598835295237,0.880460118026318,0.230194237120244,3.82485734239473,-0.398538925256661,0.353694823719077,0.0185134364126575,0.0133073086209849,0.0100321012922059,1.17409075533056,0.126141514233075,0.00346380198538145,0.0041739270388472,0.0341546542723248,0.0280678226877259,0.47750873638856,0.332645073742059,0.52622034215661,0.403526977248137,3.11232220760349,0.00601773565289725,0.307529306396003,7.63099158415951E-4,-0.550190391788225,-1.92233118990483,0.0,0.0,0.749877934484921,8.73411338174914,1.06868360122698,0.344195630684824,0.453637628015982,0.0858562170777255,0.00510939758286543,0.866388548043471,0.133611451956529,0.716479485967265,-0.0786992310877836,-0.505776764540026,0.0858562170777255,3.18509665669954E9,0.333333333333333,71.5932462710122,59.6825884189219
"002236","2014-09-17",97.0503045420908,3.70941648971197,116.162664567141,3.09910246413057,0.9,59.87,1.23710417338845,2.55,1.52,2.46,0.25,27.44,25.88,26.32,27.63,25.11,110.0,1.48632124774791,18.01,0.401267657603826,67.0395500799171,5.36996443995892,27.35,26.25,25.99,27.53,24.89,0.479144537534046,0.458061991175136,0.194889115295819,45.36,15.68,0.505186783679156,34.42,6.46,26.1443143395496,5.09365843865994,1.16,1.09,1.02,0.272370362148832,1.02,0.498737041239214,0.341711799774901,3.77,1.38,2.75,3.4,2.0,0.598732342396174,0.194889115295819,0.15680755911629,0.189080736317562,0.088068396854172,0.15680755911629,0.237586833746382,0.136997866627494,-0.00536767676941754,3.53422615731649,2.68530726133746,0.33392444996938,0.00801566855116279,-0.304748950283005,-64.7231029865884,0.96875,-0.03125,-1.0,0.0488660590599072,-0.00591789704475815,-9.0,0.256346972359666,0.00676592439142301,11.0,0.342577279225704,0.472271740138399,22.5196011318211,24.180683443371,24.1595623135693,0.780506603886288,0.0272284421276741,-0.0934470504455002,0.840614007944204,0.0237606485125296,0.957967089804059,0.250872884708536,3.8185357932047,-0.483665443240265,0.290793987885261,0.0188724917096023,0.0134246710592344,0.0101574391691051,1.19413991296226,0.134330708812574,0.00368867441231879,0.0041739270388472,0.0363719981129479,0.0280678226877259,0.47750873638856,0.332645073742059,0.52622034215661,0.403526977248137,3.11232220760349,0.00601773565289725,0.307529306396003,8.12599828019088E-4,-0.550190391788225,-1.92233118990483,0.0,0.0,0.749877934484921,8.73411338174914,1.06868360122698,0.344195630684824,0.453637628015982,0.0858562170777255,0.00510939758286543,0.866388548043471,0.133611451956529,0.716479485967265,-0.0786992310877836,-0.505776764540026,0.0858562170777255,2.97000589667647E9,0.333333333333333,69.4810791965478,56.3059404765169
"002236","2014-09-18",97.0503045420908,3.70941648971197,116.162664567141,3.09910246413057,0.9,59.87,1.23710417338845,2.62,1.49,2.49,0.25,27.68,25.9,26.51,27.97,25.19,110.0,1.48632124774791,18.01,0.401267657603826,67.0395500799171,5.36996443995892,27.6,26.25,26.14,27.89,24.94,0.479144537534046,0.458061991175136,0.194889115295819,45.36,15.68,0.505186783679156,34.42,6.58,26.6402515836427,5.19028116494805,1.09,1.11,1.07,0.272370362148832,1.02,0.498737041239214,0.341711799774901,3.55,1.4,2.76,3.27,2.02,0.598732342396174,0.194889115295819,0.15680755911629,0.189080736317562,0.088068396854172,0.15680755911629,0.237586833746382,0.136997866627494,-0.00536767676941754,3.53422615731649,2.68530726133746,0.33392444996938,0.00801566855116279,-0.304748950283005,-65.9508497504714,0.96875,-0.03125,-3.0,0.0474144187943481,-0.00574209695359318,-11.0,0.248731797447049,0.00656493236404716,13.0,0.342577279225704,0.472271740138399,22.5196011318211,24.2108401336892,24.1897190038876,0.781605999329589,0.0275391124940714,-0.0880539016991158,0.864915156855066,0.023771258233893,1.01319209857201,0.261307744897798,3.87739023567129,-0.454641201421635,0.331798666115818,0.0193342969409203,0.0136387356308025,0.0103064741181206,1.17368244876361,0.13034021173618,0.00357909675440094,0.0041739270388472,0.0352915128433077,0.0280678226877259,0.47750873638856,0.332645073742059,0.52622034215661,0.403526977248137,3.11232220760349,0.00601773565289725,0.307529306396003,7.88479353389143E-4,-0.550190391788225,-1.92233118990483,0.0,0.0,0.749877934484921,8.73411338174914,1.06868360122698,0.344195630684824,0.453637628015982,0.0858562170777255,0.00510939758286543,0.866388548043471,0.133611451956529,0.716479485967265,-0.0786992310877836,-0.505776764540026,0.0858562170777255,2.91831798961572E9,0.333333333333333,71.5638814719785,62.1165226684413
"002236","2014-09-19",97.0503045420908,3.70941648971197,116.162664567141,3.09910246413057,0.9,59.87,1.23710417338845,2.33,1.46,2.23,0.25,27.76,25.93,26.67,28.14,25.26,110.0,1.48632124774791,18.01,0.401267657603826,67.0395500799171,5.36996443995892,27.64,26.25,26.28,28.13,24.97,0.479144537534046,0.458061991175136,0.194889115295819,45.36,15.68,0.505186783679156,34.42,6.52,26.4156762278269,5.1465274775723,1.01,1.11,1.04,0.272370362148832,1.02,0.498737041239214,0.341711799774901,2.99,1.41,2.79,3.29,2.03,0.598732342396174,0.194889115295819,0.15680755911629,0.189080736317562,0.088068396854172,0.15680755911629,0.237586833746382,0.136997866627494,-0.00536767676941754,3.53422615731649,2.68530726133746,0.33392444996938,0.00801566855116279,-0.304748950283005,-65.3948889517319,0.96875,-0.03125,-5.0,0.0465317478438386,-0.0056352015765154,-13.0,0.244101384638938,0.00644271901129181,15.0,0.342577279225704,0.472271740138399,22.5196011318211,24.2296316811504,24.2085105513487,0.780472545852159,0.0275391124940714,-0.085716090373861,0.862956865624835,0.0237519551270707,1.01319209857201,0.261307744897798,3.87739023567129,-0.411564316020315,0.359054535513943,0.0193860199009627,0.0137037080571353,0.0103898712762065,1.16573336972951,0.127913787000663,0.00351246797744862,0.0041739270388472,0.0346345229659999,0.0280678226877259,0.47750873638856,0.332645073742059,0.52622034215661,0.403526977248137,3.11232220760349,0.00601773565289725,0.307529306396003,7.738123113895E-4,-0.550190391788225,-1.92233118990483,0.0,0.0,0.749877934484921,8.73411338174914,1.06868360122698,0.344195630684824,0.453637628015982,0.0858562170777255,0.00510939758286543,0.866388548043471,0.133611451956529,0.716479485967265,-0.0786992310877836,-0.505776764540026,0.0858562170777255,2.98202426253929E9,0.333333333333333,72.1447644476311,67.52880173697
"002236","2014-09-22",97.0503045420908,3.70941648971197,116.162664567141,3.09910246413057,0.9,59.87,1.23710417338845,1.76,1.46,2.24,0.25,27.69,25.93,26.74,27.81,25.31,110.0,1.48632124774791,18.01,0.401267657603826,67.0395500799171,5.36996443995892,27.61,26.24,26.35,27.81,25.0,0.479144537534046,0.458061991175136,0.194889115295819,45.36,15.68,0.505186783679156,34.42,6.3,25.517374804564,4.97151272806931,0.99,1.05,0.94,0.272370362148832,1.02,0.498737041239214,0.341711799774901,2.79,1.42,2.78,2.75,2.05,0.598732342396174,0.194889115295819,0.15680755911629,0.189080736317562,0.088068396854172,0.15680755911629,0.237586833746382,0.136997866627494,-0.00536767676941754,3.53422615731649,2.68530726133746,0.33392444996938,0.00801566855116279,-0.304748950283005,-63.171045756774,0.96875,-0.03125,-7.0,0.046927341874392,-0.00568310977270257,-15.0,0.246176635517908,0.00649749239289684,17.0,0.342577279225704,0.472271740138399,22.5196011318211,24.2211660221258,24.2000448923242,0.740087703021404,0.0273837773108727,-0.0823229152360184,0.86116823798722,0.023712639456564,1.01319209857201,0.261307744897798,3.87739023567129,-0.420029833649894,0.367481246006653,0.019620577510628,0.0137755995925607,0.0104233240984083,1.16151236676317,0.129001258090998,0.0035423295543026,0.0041739270388472,0.0349289716203336,0.0280678226877259,0.47750873638856,0.332645073742059,0.52622034215661,0.403526977248137,3.11232220760349,0.00601773565289725,0.307529306396003,7.8038581565507E-4,-0.550190391788225,-1.92233118990483,0.0,0.0,0.749877934484921,8.73411338174914,1.06868360122698,0.344195630684824,0.453637628015982,0.0858562170777255,0.00510939758286543,0.866388548043471,0.133611451956529,0.716479485967265,-0.0786992310877836,-0.505776764540026,0.0858562170777255,3.1322999757505E9,0.166666666666667,69.4627448787555,70.322924666963
"002236","2014-09-23",97.0503045420908,3.70941648971197,116.162664567141,3.09910246413057,0.9,59.87,1.23710417338845,1.49,1.41,1.56,0.25,27.67,25.94,26.83,27.75,25.35,110.0,1.48632124774791,18.01,0.401267657603826,67.0395500799171,5.36996443995892,27.63,26.23,26.44,27.86,25.0,0.479144537534046,0.458061991175136,0.194889115295819,45.36,15.68,0.505186783679156,34.42,6.33,25.6203051759795,4.99156650144986,1.01,1.07,1.01,0.272370362148832,1.02,0.498737041239214,0.341711799774901,2.66,1.42,2.77,2.28,2.05,0.598732342396174,0.194889115295819,0.15680755911629,0.189080736317562,0.088068396854172,0.15680755911629,0.237586833746382,0.136997866627494,-0.00536767676941754,3.53422615731649,2.68530726133746,0.33392444996938,0.00801566855116279,-0.304748950283005,-63.4258611228629,0.96875,-0.03125,-10.0,0.0485793495091341,-0.00588317524324875,-18.0,0.254842919716559,0.00672622699858738,20.0,0.342577279225704,0.472271740138399,22.5196011318211,24.1865679767179,24.1654468469163,0.810595358424387,0.0275391124940714,-0.0857534034314151,0.871171345414354,0.0236814257300556,1.04184174288232,0.270997095423079,3.84447568065554,-0.45462803944164,0.332883040214907,0.0196106888672401,0.0138168870219088,0.0104582403906206,1.16347293650199,0.133542556505642,0.00366703202486111,0.0041739270388472,0.0361585943836456,0.0280678226877259,0.47750873638856,0.332645073742059,0.52622034215661,0.403526977248137,3.11232220760349,0.00601773565289725,0.307529306396003,8.07835950464767E-4,-0.550190391788225,-1.92233118990483,0.0,0.0,0.749877934484921,8.73411338174914,1.06868360122698,0.344195630684824,0.453637628015982,0.0858562170777255,0.00510939758286543,0.866388548043471,0.133611451956529,0.716479485967265,-0.0786992310877836,-0.505776764540026,0.0858562170777255,3.14101145003229E9,0.0,56.6115316795043,66.6681105720716
"002236","2014-09-24",97.0503045420908,3.70941648971197,116.162664567141,3.09910246413057,0.9,59.87,1.23710417338845,1.4,1.42,1.19,0.25,27.73,25.96,26.98,27.78,25.41,110.0,1.48632124774791,18.01,0.401267657603826,67.0395500799171,5.36996443995892,27.7,26.23,26.61,27.85,25.03,0.479144537534046,0.458061991175136,0.194889115295819,45.36,15.68,0.505186783679156,34.42,6.45,26.1068851135803,5.08636615743065,1.02,1.13,1.0,0.272370362148832,1.02,0.498737041239214,0.341711799774901,2.62,1.43,2.77,1.84,2.06,0.598732342396174,0.194889115295819,0.15680755911629,0.189080736317562,0.088068396854172,0.15680755911629,0.237586833746382,0.136997866627494,-0.00536767676941754,3.53422615731649,2.68530726133746,0.33392444996938,0.00801566855116279,-0.304748950283005,-64.6304428534651,0.96875,-0.03125,-11.0,0.0483841804643567,-0.00585953940406843,-19.0,0.253819080375112,0.00669920417280781,21.0,0.342577279225704,0.472271740138399,22.5196011318211,24.1905935997207,24.1694724699191,0.838555830446066,0.0272284421276741,-0.0858197166834063,0.885821251056722,0.0236325574717668,1.04184174288232,0.270997095423079,3.84447568065554,-0.493055463889755,0.336908689955495,0.0196600410730994,0.0138398402253758,0.0104850043947068,1.16209556554442,0.133006045139111,0.00365229960985984,0.0041739270388472,0.0360133261081818,0.0280678226877259,0.47750873638856,0.332645073742059,0.52622034215661,0.403526977248137,3.11232220760349,0.00601773565289725,0.307529306396003,8.04593055766463E-4,-0.550190391788225,-1.92233118990483,0.0,0.0,0.749877934484921,8.73411338174914,1.06868360122698,0.344195630684824,0.453637628015982,0.0858562170777255,0.00510939758286543,0.866388548043471,0.133611451956529,0.716479485967265,-0.0786992310877836,-0.505776764540026,0.0858562170777255,2.93794626276264E9,0.0,47.3023243864682,63.8876336411377
"002236","2014-09-25",97.0503045420908,3.70941648971197,116.162664567141,3.09910246413057,0.9,59.87,1.23710417338845,1.37,1.42,0.77,0.25,27.75,25.96,27.08,27.62,25.45,110.0,1.48632124774791,18.01,0.401267657603826,67.0395500799171,5.36996443995892,27.78,26.22,26.75,27.65,25.05,0.479144537534046,0.458061991175136,0.194889115295819,45.36,15.68,0.505186783679156,34.42,6.35,25.7045209344104,5.00797413421577,1.03,1.11,0.96,0.272370362148832,1.02,0.498737041239214,0.341711799774901,2.51,1.44,2.8,1.76,2.08,0.598732342396174,0.194889115295819,0.15680755911629,0.189080736317562,0.088068396854172,0.15680755911629,0.237586833746382,0.136997866627494,-0.00536767676941754,3.53422615731649,2.68530726133746,0.33392444996938,0.00801566855116279,-0.304748950283005,-63.6343464223902,0.96875,-0.03125,-13.0,0.047482396455702,-0.00445873633059067,-19.0,0.249088402174572,0.00657434445345798,21.0,0.342577279225704,0.472271740138399,22.5196011318211,24.2094074686877,24.1882863388861,0.86617099747904,0.0275391124940714,-0.0852265048043458,0.886984319597355,0.0236326440944078,1.07195222309249,0.280839124107072,3.81696185138293,-0.501862951389291,0.331358761668554,0.0198433333062718,0.0139184481430382,0.0105175018197274,1.15580898055561,0.130527079423257,0.00358422807591263,0.0041739270388472,0.0353421099943375,0.0280678226877259,0.47750873638856,0.332645073742059,0.52622034215661,0.403526977248137,3.11232220760349,0.00601773565289725,0.307529306396003,7.8960889713549E-4,-0.550190391788225,-1.92233118990483,0.0,0.0,0.749877934484921,8.73411338174914,1.06868360122698,0.344195630684824,0.453637628015982,0.0858562170777255,0.00510939758286543,0.866388548043471,0.133611451956529,0.716479485967265,-0.0786992310877836,-0.505776764540026,0.0858562170777255,2.94566845271571E9,0.166666666666667,51.9999925543001,62.0956726386304
"002236","2014-09-26",97.0503045420908,3.70941648971197,116.162664567141,3.09910246413057,0.9,59.87,1.23710417338845,1.23,1.43,0.64,0.25,27.69,25.96,27.19,27.41,25.5,110.0,1.48632124774791,18.01,0.401267657603826,67.0395500799171,5.36996443995892,27.78,26.19,26.94,27.43,25.07,0.479144537534046,0.458061991175136,0.194889115295819,45.36,15.68,0.505186783679156,34.42,6.27,25.3770152071791,4.94416667345947,1.0,1.16,0.96,0.272370362148832,1.02,0.498737041239214,0.341711799774901,2.51,1.45,2.73,1.72,2.09,0.598732342396174,0.194889115295819,0.15680755911629,0.189080736317562,0.088068396854172,0.15680755911629,0.237586833746382,0.136997866627494,-0.00536767676941754,3.53422615731649,2.68530726133746,0.33392444996938,0.00801566855116279,-0.304748950283005,-62.8235702575618,0.96875,-0.03125,-15.0,0.0482256593052088,-0.00452853089273679,-19.0,0.252987492561724,0.00667725556066537,21.0,0.342577279225704,0.472271740138399,22.5196011318211,24.1938752799676,24.1727541501659,0.850340146052784,0.0280546452004238,-0.0858285435682627,0.888650181406057,0.0236463782748219,1.06481576704704,0.280197817345086,3.80022862824672,-0.489773931331492,0.317067376994888,0.0200111040647715,0.0140225568277718,0.0105765158722383,1.1427336182035,0.132570277244589,0.00364033357546277,0.0041739270388472,0.0358953355967243,0.0280678226877259,0.47750873638856,0.332645073742059,0.52622034215661,0.403526977248137,3.11232220760349,0.00601773565289725,0.307529306396003,8.01959080431358E-4,-0.550190391788225,-1.92233118990483,0.0,0.0,0.749877934484921,8.73411338174914,1.06868360122698,0.344195630684824,0.453637628015982,0.0858562170777255,0.00510939758286543,0.866388548043471,0.133611451956529,0.716479485967265,-0.0786992310877836,-0.505776764540026,0.0858562170777255,2.87569786092976E9,0.166666666666667,51.7490287804545,56.7780311043388
"002236","2014-09-28",,,,,,,,,,,,,,,,,,,,0.401267657603826,,,,,,,,,,0.194889115295819,,,,,,25.3770152071791,4.94416667345947,,,,0.272370362148832,,,,,,,,,0.598732342396174,0.194889115295819,0.15680755911629,0.189080736317562,0.088068396854172,0.15680755911629,0.237586833746382,0.136997866627494,-0.00536767676941754,3.53422615731649,2.68530726133746,0.33392444996938,0.00801566855116279,-0.304748950283005,-62.8235702575618,0.96875,-0.03125,-17.0,0.0487939432207717,-0.00448574616908093,-19.0,0.25625244913977,0.00676342958154416,21.0,0.341090425026302,0.472271740138399,22.5196011318211,24.1810522429326,24.159931113131,0.882199782735446,0.0276415436640489,-0.0850896291331037,0.889790420749141,0.0235579505993052,1.11236062369638,0.289742363520631,3.83913698425109,-0.511668721642545,0.291898678545993,0.0202292903723508,0.0141809233248547,0.010659179041957,1.13821021098451,0.134281176840298,0.00368731428163578,0.0041739270388472,0.0363585866092189,0.0280678226877259,0.47750873638856,0.332645073742059,0.52622034215661,0.403526977248137,3.11232220760349,0.00601773565289725,0.307529306396003,8.12300440204626E-4,,,,,,,,,,,,,,,,,,,,,
"002236","2014-09-29",97.0503045420908,3.70941648971197,116.162664567141,3.09910246413057,0.9,59.87,1.23710417338845,1.23,1.36,0.62,0.25,27.64,25.96,27.34,27.52,25.55,110.0,1.48632124774791,18.01,0.401267657603826,67.0395500799171,5.36996443995892,27.67,26.17,27.16,27.53,25.1,0.479144537534046,0.458061991175136,0.194889115295819,45.36,15.68,0.505186783679156,34.42,6.41,25.9571682097031,5.05719703251348,0.96,1.18,1.02,0.272370362148832,1.02,0.498737041239214,0.341711799774901,2.23,1.45,2.76,1.7,2.11,0.598732342396174,0.194889115295819,0.15680755911629,0.189080736317562,0.088068396854172,0.15680755911629,0.237586833746382,0.136997866627494,-0.00536767676941754,3.53422615731649,2.68530726133746,0.33392444996938,0.00801566855116279,-0.304748950283005,-64.2598023209721,0.96875,-0.03125,-17.0,0.0487939432207717,-0.00448574616908093,-19.0,0.25625244913977,0.00676342958154416,21.0,0.341090425026302,0.472271740138399,22.5196011318211,24.1810522429326,24.159931113131,0.877411266003649,0.0276415436640489,-0.0849244871520806,0.889790420749141,0.0235579505993052,1.11236062369638,0.289742363520631,3.83913698425109,-0.511668721642545,0.285782700330544,0.0202292903723508,0.0141809233248547,0.010659179041957,1.1347795202603,0.134281176840298,0.00368731428163578,0.0041739270388472,0.0363585866092189,0.0280678226877259,0.47750873638856,0.332645073742059,0.52622034215661,0.403526977248137,3.11232220760349,0.00601773565289725,0.307529306396003,8.12300440204626E-4,-0.550190391788225,-1.92233118990483,0.0,0.0,0.749877934484921,8.73411338174914,1.06868360122698,0.344195630684824,0.453637628015982,0.0858562170777255,0.00510939758286543,0.866388548043471,0.133611451956529,0.716479485967265,-0.0786992310877836,-0.505776764540026,0.0858562170777255,2.57038362695221E9,0.0,49.1228395786085,49.2673827703173
"002236","2014-09-30",97.0503045420908,3.70941648971197,116.162664567141,3.09910246413057,0.9,59.87,1.23710417338845,0.93,1.38,0.55,0.25,27.65,25.96,27.46,27.55,25.6,110.0,1.48632124774791,18.01,0.401267657603826,67.0395500799171,5.36996443995892,27.72,26.15,27.35,27.56,25.13,0.479144537534046,0.458061991175136,0.194889115295819,45.36,15.68,0.505186783679156,34.42,6.37,25.7980939993336,5.02620483728899,1.02,1.16,1.01,0.272370362148832,1.02,0.498737041239214,0.341711799774901,2.02,1.46,2.77,1.76,2.13,0.598732342396174,0.194889115295819,0.15680755911629,0.189080736317562,0.088068396854172,0.15680755911629,0.237586833746382,0.136997866627494,-0.00536767676941754,3.53422615731649,2.68530726133746,0.33392444996938,0.00801566855116279,-0.304748950283005,-63.8659967551983,0.977272727272727,0.015734265734265,-18.0,0.0482026134604229,-3.98874286959411E-4,-18.0,0.249569790792035,-0.00191744152791808,18.0,0.355125452357049,0.466657602055292,22.5196011318211,24.2036561947471,24.1825350649454,0.876112110272029,0.0272284421276741,-0.0860585434429874,0.893983138880551,0.0235453811949909,1.11236062369638,0.289742363520631,3.83913698425109,-0.489064868490339,0.308386553482749,0.0201960033470727,0.0142117543598104,0.0106894094692522,1.13025501415528,0.131279939290154,0.00360490134527622,0.0041739270388472,0.0355459577808946,0.0280678226877259,0.47750873638856,0.332645073742059,0.52622034215661,0.403526977248137,3.11232220760349,0.00601773565289725,0.307529306396003,7.94159621413111E-4,-0.550190391788225,-1.92233118990483,0.0,0.0,0.749877934484921,8.73411338174914,1.06868360122698,0.344195630684824,0.453637628015982,0.0858562170777255,0.00510939758286543,0.866388548043471,0.133611451956529,0.716479485967265,-0.0786992310877836,-0.505776764540026,0.0858562170777255,2.40369800934524E9,0.166666666666667,56.3083894884046,55.6009351044345
"002236","2014-10-08",97.0503045420908,3.70941648971197,116.162664567141,3.09910246413057,0.9,59.87,1.23710417338845,0.75,1.4,0.68,0.25,27.69,25.97,27.6,27.65,25.67,110.0,1.48632124774791,17.11,0.401267657603826,67.0395500799171,5.36996443995892,27.72,26.13,27.55,27.58,25.17,0.479144537534046,0.458061991175136,0.194889115295819,32.13,15.68,0.505186783679156,8.87,6.47,26.2004581785035,5.10459686050387,1.0,1.16,1.0,0.272370362148832,1.02,0.498737041239214,0.341711799774901,1.82,1.47,2.79,1.79,2.15,0.598732342396174,0.194889115295819,0.15680755911629,0.189080736317562,0.088068396854172,0.15680755911629,0.237586833746382,0.136997866627494,-0.00536767676941754,3.53422615731649,2.68530726133746,0.33392444996938,0.00801566855116279,-0.304748950283005,-64.8620931862732,0.977272727272727,0.015734265734265,-17.0,0.048499836684517,-4.01333794713604E-4,-19.0,0.251108668718573,-0.00192926470745185,17.0,0.355125452357049,0.466657602055292,22.5196011318211,24.1975090048961,24.1763878750945,0.783507429517228,0.0276415436640489,-0.0861342100211775,0.894772312260868,0.0235498392170703,1.11236062369638,0.289742363520631,3.83913698425109,-0.49916886671267,0.30223928093684,0.021250807876964,0.0144940410919995,0.0107434243799534,1.12491017789534,0.132089427490347,0.00362712960892138,0.0041739270388472,0.0357651385144003,0.0280678226877259,0.47750873638856,0.332645073742059,0.52622034215661,0.403526977248137,3.11232220760349,0.00601773565289725,0.307529306396003,7.99052594131221E-4,-0.550190391788225,-1.92233118990483,0.0,0.0,0.749877934484921,8.73411338174914,1.06868360122698,0.344195630684824,0.453637628015982,0.0858562170777255,0.00510939758286543,0.866388548043471,0.133611451956529,0.716479485967265,-0.0786992310877836,-0.505776764540026,0.0858562170777255,2.36023320274662E9,0.0,53.173619142408,56.4394393270127
"002236","2014-10-09",97.0503045420908,3.70941648971197,116.162664567141,3.09910246413057,0.9,59.87,1.23710417338845,0.55,1.42,0.74,0.25,27.68,25.98,27.66,27.73,25.74,110.0,1.48632124774791,17.11,0.401267657603826,67.0395500799171,5.36996443995892,27.66,26.12,27.64,27.66,25.24,0.479144537534046,0.458061991175136,0.194889115295819,32.13,15.68,0.505186783679156,8.87,6.43,26.0600985811187,5.07725080589403,0.98,1.07,1.01,0.272370362148832,1.02,0.498737041239214,0.341711799774901,1.79,1.48,2.67,1.83,2.14,0.598732342396174,0.194889115295819,0.15680755911629,0.189080736317562,0.088068396854172,0.15680755911629,0.237586833746382,0.136997866627494,-0.00536767676941754,3.53422615731649,2.68530726133746,0.33392444996938,0.00801566855116279,-0.304748950283005,-64.514617687061,0.975,0.013461538461538,-11.0,0.0480498525201977,1.91477376056574E-4,-13.0,0.24737994266844,-0.00177205106568563,11.0,0.363491862863501,0.467414417734919,22.5196011318211,24.2129852900356,24.191864160234,0.791870226923383,0.0276415436640489,-0.0867977673312849,0.920783003989654,0.0234555308805484,1.11236062369638,0.289742363520631,3.83913698425109,-0.477530134890135,0.308007202571237,0.0214702533194673,0.0145605959372569,0.010802509301056,1.11430573369204,0.13006091128246,0.0035714272613558,0.0041739270388472,0.0352158881729292,0.0280678226877259,0.47750873638856,0.332645073742059,0.52622034215661,0.403526977248137,3.11232220760349,0.00601773565289725,0.307529306396003,7.86791084135864E-4,-0.550190391788225,-1.92233118990483,0.0,0.0,0.749877934484921,8.73411338174914,1.06868360122698,0.344195630684824,0.453637628015982,0.0858562170777255,0.00510939758286543,0.866388548043471,0.133611451956529,0.716479485967265,-0.0786992310877836,-0.505776764540026,0.0858562170777255,2.45638384183039E9,0.0,43.7410511212982,64.1624977823974
"002236","2014-10-10",97.0503045420908,3.70941648971197,116.162664567141,3.09910246413057,0.9,59.87,1.23710417338845,0.51,1.28,0.76,0.25,27.56,25.97,27.61,27.6,25.81,110.0,1.48632124774791,17.11,0.401267657603826,67.0395500799171,5.36996443995892,27.55,26.09,27.6,27.66,25.31,0.479144537534046,0.458061991175136,0.194889115295819,32.13,15.68,0.505186783679156,8.87,6.26,25.3676579006868,4.94234360315214,0.96,0.97,1.0,0.272370362148832,1.02,0.498737041239214,0.341711799774901,1.82,1.49,2.4,1.91,2.13,0.598732342396174,0.194889115295819,0.15680755911629,0.189080736317562,0.088068396854172,0.15680755911629,0.237586833746382,0.136997866627494,-0.00536767676941754,3.53422615731649,2.68530726133746,0.33392444996938,0.00801566855116279,-0.304748950283005,-62.800405224281,0.975,0.00624999999999998,-9.0,0.0483086488533406,-7.54520655986363E-4,-15.0,0.248712330151394,-0.00115288911486818,9.0,0.363491862863501,0.467414417734919,22.5196011318211,24.2076137462337,24.1864926164321,0.843944228752606,0.0276415436640489,-0.0867945677785162,0.91994875890378,0.0234591063352601,1.11236062369638,0.289742363520631,3.83913698425109,-0.52080582044573,0.285393598945044,0.021364349817011,0.014662728289207,0.0108584388366054,1.10056709241604,0.130761418883622,0.00359066295576166,0.0041739270388472,0.0354055608201801,0.0280678226877259,0.47750873638856,0.332645073742059,0.52622034215661,0.403526977248137,3.11232220760349,0.00601773565289725,0.307529306396003,7.91025385998062E-4,-0.550190391788225,-1.92233118990483,0.0,0.0,0.749877934484921,8.73411338174914,1.06868360122698,0.344195630684824,0.453637628015982,0.0858562170777255,0.00510939758286543,0.866388548043471,0.133611451956529,0.716479485967265,-0.0786992310877836,-0.505776764540026,0.0858562170777255,2.55603402730556E9,0.0,56.9288779055056,69.7161044475646
"002236","2014-10-13",97.0503045420908,3.70941648971197,116.162664567141,3.09910246413057,0.9,59.87,1.23710417338845,0.47,0.99,0.72,0.25,27.43,25.96,27.54,27.29,25.86,110.0,1.48632124774791,17.11,0.401267657603826,67.0395500799171,5.36996443995892,27.48,26.07,27.55,27.43,25.37,0.479144537534046,0.458061991175136,0.194889115295819,32.13,15.68,0.505186783679156,8.87,6.14,24.881077963086,4.84754394717136,0.97,0.96,0.96,0.272370362148832,1.02,0.498737041239214,0.341711799774901,1.78,1.5,2.28,1.85,2.12,0.598732342396174,0.194889115295819,0.15680755911629,0.189080736317562,0.088068396854172,0.15680755911629,0.237586833746382,0.136997866627494,-0.00536767676941754,3.53422615731649,2.68530726133746,0.33392444996938,0.00801566855116279,-0.304748950283005,-61.5958234936788,0.975,0.00624999999999998,-7.0,0.0496272914262463,-7.7511620321727E-4,-15.0,0.255501231822807,-0.00118435860749092,7.0,0.363491862863501,0.467414417734919,22.5196011318211,24.180683443371,24.1595623135693,0.812538346846481,0.0272284421276741,-0.0895907273736969,0.927078759984672,0.0234867726479451,1.11113741956664,0.288779315995444,3.84770431267372,-0.518186253170924,0.264415862976012,0.0213034281228273,0.0148196135305583,0.0109411099408363,1.09698386375675,0.134330708812574,0.00368867441231879,0.0041739270388472,0.0363719981129479,0.0280678226877259,0.47750873638856,0.332645073742059,0.52622034215661,0.403526977248137,3.11232220760349,0.00601773565289725,0.307529306396003,8.12599828019088E-4,-0.550190391788225,-1.92233118990483,0.0,0.0,0.749877934484921,8.73411338174914,1.06868360122698,0.344195630684824,0.453637628015982,0.0858562170777255,0.00510939758286543,0.866388548043471,0.133611451956529,0.716479485967265,-0.0786992310877836,-0.505776764540026,0.0858562170777255,2.56331381320037E9,-0.166666666666667,42.0952768177818,60.2619573279
"002236","2014-10-14",97.0503045420908,3.70941648971197,116.162664567141,3.09910246413057,0.9,59.87,1.23710417338845,0.4,0.85,0.61,0.25,27.33,25.96,27.49,27.12,25.91,110.0,1.48632124774791,17.11,0.401267657603826,67.0395500799171,5.36996443995892,27.42,26.04,27.54,27.27,25.44,0.479144537534046,0.458061991175136,0.194889115295819,32.13,15.68,0.505186783679156,8.87,6.19,25.0775813994248,4.88582842362514,0.98,0.98,0.97,0.272370362148832,1.02,0.498737041239214,0.341711799774901,1.77,1.5,2.22,1.79,2.12,0.598732342396174,0.194889115295819,0.15680755911629,0.189080736317562,0.088068396854172,0.15680755911629,0.237586833746382,0.136997866627494,-0.00536767676941754,3.53422615731649,2.68530726133746,0.33392444996938,0.00801566855116279,-0.304748950283005,-62.0822891925758,0.975,0.00624999999999998,-4.0,0.0502024166249676,3.07861308416516E-4,-12.0,0.260523301294203,-8.36849915671219E-4,4.0,0.35283683900242,0.467557668479516,22.5196011318211,24.1613159851154,24.1401948553137,0.840320727858933,0.027224206680881,-0.0905250413955617,0.929137762403605,0.0234497945917139,1.10515847957944,0.287228140858026,3.84766783741328,-0.537553390168444,0.245048725978493,0.0212014743134992,0.0148226183341041,0.0109584368372539,1.09581257943887,0.13695771026359,0.00376081095592186,0.0041739270388472,0.0370832970606249,0.0280678226877259,0.47750873638856,0.332645073742059,0.52622034215661,0.403526977248137,3.11232220760349,0.00601773565289725,0.307529306396003,8.28478046732455E-4,-0.550190391788225,-1.92233118990483,0.0,0.0,0.749877934484921,8.73411338174914,1.06868360122698,0.344195630684824,0.453637628015982,0.0858562170777255,0.00510939758286543,0.866388548043471,0.133611451956529,0.716479485967265,-0.0786992310877836,-0.505776764540026,0.0858562170777255,2.59333190423884E9,-0.333333333333333,32.0611768314643,65.1859825152706
"002236","2014-10-15",97.0503045420908,3.70941648971197,116.162664567141,3.09910246413057,0.9,59.87,1.23710417338845,0.35,0.75,0.47,0.25,27.19,25.95,27.43,26.88,25.95,110.0,1.48632124774791,17.11,0.401267657603826,67.0395500799171,5.36996443995892,27.29,26.02,27.5,26.99,25.5,0.479144537534046,0.458061991175136,0.194889115295819,32.13,15.68,0.505186783679156,8.87,6.14,24.881077963086,4.84754394717136,0.95,0.97,0.95,0.272370362148832,1.02,0.498737041239214,0.341711799774901,1.68,1.51,2.15,1.57,2.12,0.598732342396174,0.194889115295819,0.15680755911629,0.189080736317562,0.088068396854172,0.15680755911629,0.237586833746382,0.136997866627494,-0.00536767676941754,3.53422615731649,2.68530726133746,0.33392444996938,0.00801566855116279,-0.304748950283005,-61.5958234936788,0.975,0.00624999999999998,-3.0,0.049809039479772,3.05448962343103E-4,-11.0,0.258481887366151,-8.30292509615586E-4,3.0,0.35283683900242,0.467557668479516,22.5196011318211,24.1691826673772,24.1480615375756,0.83294797352952,0.027224206680881,-0.0906310217537653,0.92710519669119,0.0234630903439418,1.11458176147568,0.289546798205806,3.84940109295717,-0.529686934648587,0.25291518149835,0.0211948586482767,0.0148747665121684,0.0109870634231722,1.09413994723246,0.135884534175704,0.00373134191484934,0.0041739270388472,0.0367927189866424,0.0280678226877259,0.47750873638856,0.332645073742059,0.52622034215661,0.403526977248137,3.11232220760349,0.00601773565289725,0.307529306396003,8.21991577351904E-4,-0.550190391788225,-1.92233118990483,0.0,0.0,0.749877934484921,8.73411338174914,1.06868360122698,0.344195630684824,0.453637628015982,0.0858562170777255,0.00510939758286543,0.866388548043471,0.133611451956529,0.716479485967265,-0.0786992310877836,-0.505776764540026,0.0858562170777255,2.46745105162385E9,-0.166666666666667,36.2763799568577,61.0783153889632
"002236","2014-10-16",97.0503045420908,3.70941648971197,116.162664567141,3.09910246413057,0.9,59.87,1.23710417338845,0.29,0.69,0.32,0.25,27.01,25.93,27.35,26.55,25.99,110.0,1.48632124774791,17.11,0.401267657603826,67.0395500799171,5.36996443995892,27.15,25.99,27.47,26.64,25.55,0.479144537534046,0.458061991175136,0.194889115295819,32.13,15.68,0.505186783679156,8.87,6.03,24.4225699449622,4.75821350211254,0.95,0.98,0.94,0.272370362148832,1.02,0.498737041239214,0.341711799774901,1.62,1.52,2.06,1.4,2.12,0.598732342396174,0.194889115295819,0.15680755911629,0.189080736317562,0.088068396854172,0.15680755911629,0.237586833746382,0.136997866627494,-0.00536767676941754,3.53422615731649,2.68530726133746,0.33392444996938,0.00801566855116279,-0.304748950283005,-60.460736862919,0.975,0.00624999999999998,-1.0,0.0502024166249676,3.80721961030606E-4,-9.0,0.260523301294203,-8.36849915671219E-4,1.0,0.35283683900242,0.467557668479516,22.5196011318211,24.1613159851154,24.1401948553137,0.809231446912204,0.027224206680881,-0.0900326530598187,0.923030410670035,0.023477400576274,1.13601019622432,0.294797270757958,3.85353023555308,-0.512280562954161,0.255372148530295,0.0211492417268124,0.0148898984716604,0.0109933892171867,1.09376159024619,0.13695771026359,0.00376081095592186,0.0041739270388472,0.0370832970606249,0.0280678226877259,0.47750873638856,0.332645073742059,0.52622034215661,0.403526977248137,3.11232220760349,0.00601773565289725,0.307529306396003,8.28478046732455E-4,-0.550190391788225,-1.92233118990483,0.0,0.0,0.749877934484921,8.73411338174914,1.06868360122698,0.344195630684824,0.453637628015982,0.0858562170777255,0.00510939758286543,0.866388548043471,0.133611451956529,0.716479485967265,-0.0786992310877836,-0.505776764540026,0.0858562170777255,2.11503909954526E9,-0.166666666666667,42.3767399020403,54.8305642838335
"002236","2014-10-17",97.0503045420908,3.70941648971197,116.162664567141,3.09910246413057,0.9,59.87,1.23710417338845,0.22,0.59,0.14,0.25,26.86,25.92,27.25,26.35,26.03,110.0,1.48632124774791,17.11,0.401267657603826,67.0395500799171,5.36996443995892,27.05,25.95,27.43,26.43,25.61,0.479144537534046,0.458061991175136,0.194889115295819,32.13,15.68,0.505186783679156,8.87,6.02,24.3757834125006,4.74909815057593,0.96,0.96,0.96,0.272370362148832,1.02,0.498737041239214,0.341711799774901,1.57,1.52,2.04,1.24,2.13,0.598732342396174,0.194889115295819,0.15680755911629,0.189080736317562,0.088068396854172,0.15680755911629,0.237586833746382,0.136997866627494,-0.00536767676941754,3.53422615731649,2.68530726133746,0.33392444996938,0.00801566855116279,-0.304748950283005,-60.3449116965149,0.975,0.00624999999999998,1.0,0.0511341837351786,3.77139248048907E-4,-7.0,0.26541435177827,-8.52560891099529E-4,-1.0,0.352553009504151,0.467557668479516,22.5196011318211,24.1427160941891,24.1215949643874,0.780506603886288,0.0276415436640489,-0.0893360744519216,0.933141070715153,0.0234746473557061,1.15367939213336,0.295619635751393,3.90258038577507,-0.516179632934613,0.211749703862456,0.02122850034697,0.0149681056839581,0.0110307757121514,1.09519364281317,0.139528946969688,0.00383141621907902,0.0041739270388472,0.0377794968904987,0.0280678226877259,0.47750873638856,0.332645073742059,0.52622034215661,0.403526977248137,3.11232220760349,0.00601773565289725,0.307529306396003,8.44018721441951E-4,-0.550190391788225,-1.92233118990483,0.0,0.0,0.749877934484921,8.73411338174914,1.06868360122698,0.344195630684824,0.453637628015982,0.0858562170777255,0.00510939758286543,0.866388548043471,0.133611451956529,0.716479485967265,-0.0786992310877836,-0.505776764540026,0.0858562170777255,1.4507901391675E9,-0.333333333333333,36.7768802633499,48.1599315500381
"002236","2014-10-20",97.0503045420908,3.70941648971197,116.162664567141,3.09910246413057,0.9,59.87,1.23710417338845,0.18,0.56,-0.02,0.25,26.8,25.91,27.17,26.45,26.08,110.0,1.48632124774791,17.11,0.401267657603826,67.0395500799171,5.36996443995892,26.95,25.92,27.32,26.47,25.69,0.479144537534046,0.458061991175136,0.194889115295819,32.13,15.68,0.505186783679156,8.87,6.18,25.0495094799478,4.88035921270317,0.96,0.93,1.01,0.272370362148832,1.02,0.498737041239214,0.341711799774901,1.52,1.52,1.87,1.19,2.13,0.598732342396174,0.194889115295819,0.15680755911629,0.189080736317562,0.088068396854172,0.15680755911629,0.237586833746382,0.136997866627494,-0.00536767676941754,3.53422615731649,2.68530726133746,0.33392444996938,0.00801566855116279,-0.304748950283005,-62.0127940927334,0.975,0.00624999999999998,3.0,0.0512323299611579,3.77863123764932E-4,-5.0,0.265923784315273,-8.54197284364595E-4,-3.0,0.352553009504151,0.467557668479516,22.5196011318211,24.1407985480598,24.1196774182581,0.780472545852159,0.0277581430330223,-0.0914751791094414,0.926526205626103,0.0234289088971898,1.15309369278988,0.296067784303274,3.89469491084081,-0.524229873061204,0.184043664325483,0.0214052433837564,0.0151359720073145,0.0111099314602391,1.08900629751446,0.139796756848709,0.00383877018495057,0.0041739270388472,0.037852010320231,0.0280678226877259,0.47750873638856,0.332645073742059,0.52622034215661,0.403526977248137,3.11232220760349,0.00601773565289725,0.307529306396003,8.45637349057475E-4,-0.550190391788225,-1.92233118990483,0.0,0.0,0.749877934484921,8.73411338174914,1.06868360122698,0.344195630684824,0.453637628015982,0.0858562170777255,0.00510939758286543,0.866388548043471,0.133611451956529,0.716479485967265,-0.0786992310877836,-0.505776764540026,0.0858562170777255,7.12262908494292E8,-0.5,28.8329217894904,49.7883198574587
"002236","2014-10-21",97.0503045420908,3.70941648971197,116.162664567141,3.09910246413057,0.9,59.87,1.23710417338845,0.08,0.37,-0.15,0.25,26.67,25.89,27.1,26.35,26.11,110.0,1.48632124774791,17.11,0.401267657603826,67.0395500799171,5.36996443995892,26.82,25.9,27.27,26.35,25.74,0.479144537534046,0.458061991175136,0.194889115295819,32.13,15.68,0.505186783679156,8.87,6.06,24.5442149293624,4.78191341610774,0.95,0.97,0.98,0.272370362148832,1.02,0.498737041239214,0.341711799774901,1.45,1.52,1.74,1.12,2.11,0.598732342396174,0.194889115295819,0.15680755911629,0.189080736317562,0.088068396854172,0.15680755911629,0.237586833746382,0.136997866627494,-0.00536767676941754,3.53422615731649,2.68530726133746,0.33392444996938,0.00801566855116279,-0.304748950283005,-60.7618822955695,0.975,0.00624999999999998,6.0,0.0498543965441973,3.67700200749962E-4,-2.0,0.258771557019532,-8.31222983104135E-4,-6.0,0.352553009504151,0.467557668479516,22.5196011318211,24.1680626373927,24.146941507591,0.771810172773506,0.0274932925803482,-0.0933320220710757,0.931084713399403,0.0234287047125239,1.15309369278988,0.296067784303274,3.89469491084081,-0.496965749631879,0.211307787754808,0.0212641912258118,0.0151179895638699,0.0111174097559405,1.09003123462947,0.13603681419159,0.00373552347097357,0.0041739270388472,0.0368339510213678,0.0280678226877259,0.47750873638856,0.332645073742059,0.52622034215661,0.403526977248137,3.11232220760349,0.00601773565289725,0.307529306396003,8.229119902962E-4,-0.550190391788225,-1.92233118990483,0.0,0.0,0.749877934484921,8.73411338174914,1.06868360122698,0.344195630684824,0.453637628015982,0.0858562170777255,0.00510939758286543,0.866388548043471,0.133611451956529,0.716479485967265,-0.0786992310877836,-0.505776764540026,0.0858562170777255,2.05493028145049E8,-0.333333333333333,42.4892925444921,55.3567632380684
"002236","2014-10-22",97.0503045420908,3.70941648971197,116.162664567141,3.09910246413057,0.9,59.87,1.23710417338845,-0.01,0.22,-0.26,0.25,26.51,25.88,27.0,26.25,26.14,110.0,1.48632124774791,17.11,0.401267657603826,67.0395500799171,5.36996443995892,26.62,25.87,27.18,26.25,25.79,0.479144537534046,0.458061991175136,0.194889115295819,32.13,15.68,0.505186783679156,8.87,6.03,24.4132126384699,4.75639043180522,0.93,0.93,0.98,0.272370362148832,1.02,0.498737041239214,0.341711799774901,1.33,1.52,1.57,1.08,2.09,0.598732342396174,0.194889115295819,0.15680755911629,0.189080736317562,0.088068396854172,0.15680755911629,0.237586833746382,0.136997866627494,-0.00536767676941754,3.53422615731649,2.68530726133746,0.33392444996938,0.00801566855116279,-0.304748950283005,-60.4375718296382,0.975,0.00624999999999998,7.0,0.0508807546888358,3.7527008669754E-4,-1.0,0.26409891656168,-8.48335465409749E-4,-7.0,0.352553009504151,0.467557668479516,22.5196011318211,24.1476845737392,24.1265634439375,0.769527180070169,0.027224206680881,-0.0937869688167707,0.934196223172837,0.023439603979729,1.1556244430767,0.296554542835854,3.89683608292033,-0.523664031420199,0.190929967043465,0.0210475343772451,0.0150865720618622,0.0111302145095021,1.0899336513767,0.138837419592408,0.00381242711848884,0.0041739270388472,0.0375922557698062,0.0280678226877259,0.47750873638856,0.332645073742059,0.52622034215661,0.403526977248137,3.11232220760349,0.00601773565289725,0.307529306396003,8.39839145208918E-4,-0.550190391788225,-1.92233118990483,0.0,0.0,0.749877934484921,8.73411338174914,1.06868360122698,0.344195630684824,0.453637628015982,0.0858562170777255,0.00510939758286543,0.866388548043471,0.133611451956529,0.716479485967265,-0.0786992310877836,-0.505776764540026,0.0858562170777255,-2.66057057608769E8,-0.333333333333333,40.8247485789708,49.4496207217949
"002236","2014-10-23",97.0503045420908,3.70941648971197,116.162664567141,3.09910246413057,0.9,59.87,1.23710417338845,-0.09,0.07,-0.2,0.25,26.25,25.86,26.82,25.97,26.16,110.0,1.48632124774791,17.11,0.401267657603826,67.0395500799171,5.36996443995892,26.37,25.85,27.02,26.09,25.83,0.479144537534046,0.458061991175136,0.194889115295819,32.13,15.68,0.505186783679156,8.87,5.84,23.6459135060994,4.60689866660475,0.91,0.89,0.97,0.272370362148832,1.02,0.498737041239214,0.341711799774901,1.24,1.53,1.51,1.07,2.09,0.598732342396174,0.194889115295819,0.15680755911629,0.189080736317562,0.088068396854172,0.15680755911629,0.237586833746382,0.136997866627494,-0.00536767676941754,3.53422615731649,2.68530726133746,0.33392444996938,0.00801566855116279,-0.304748950283005,-58.5380391006116,0.975,0.00624999999999998,9.0,0.0511537828857095,3.77283801229455E-4,1.0,0.265516082077917,-8.52887667983814E-4,-9.0,0.352553009504151,0.467557668479516,22.5196011318211,24.1423328790091,24.1212117492074,0.767458899817536,0.027224206680881,-0.0931604899838062,0.914284283506941,0.0233688003414877,1.13938031546972,0.294073629989152,3.87447291860798,-0.486729864808684,0.185808001615036,0.02092483425183,0.0150779393851428,0.0111198196738958,1.08827959755088,0.13958242682671,0.0038328847573002,0.0041739270388472,0.0377939773415874,0.0280678226877259,0.47750873638856,0.332645073742059,0.52622034215661,0.403526977248137,3.11232220760349,0.00601773565289725,0.307529306396003,8.44341951062889E-4,-0.550190391788225,-1.92233118990483,0.0,0.0,0.749877934484921,8.73411338174914,1.06868360122698,0.344195630684824,0.453637628015982,0.0858562170777255,0.00510939758286543,0.866388548043471,0.133611451956529,0.716479485967265,-0.0786992310877836,-0.505776764540026,0.0858562170777255,-5.90211799094186E8,-0.5,31.1213789007674,42.735192790321
"002236","2014-10-24",97.0503045420908,3.70941648971197,116.162664567141,3.09910246413057,0.96,60.92,1.23710417338845,-0.1,0.04,-0.04,0.21,26.22,25.86,26.75,26.08,26.21,108.0,1.48632124774791,18.11,0.401267657603826,67.0395500799171,5.36996443995892,26.29,25.84,26.93,26.14,25.92,0.449010226287788,0.325156699439027,0.194889115295819,32.13,13.46,0.478714453314744,8.87,5.83,24.8842083183487,4.53713910496059,0.97,0.93,1.01,0.272370362148832,0.99,0.380037269164851,0.198592203699064,1.25,1.55,1.53,1.25,2.07,0.598732342396174,0.194889115295819,0.15680755911629,0.189080736317562,0.088068396854172,0.15680755911629,0.237586833746382,0.136997866627494,-0.00536767676941754,3.53422615731649,2.68530726133746,0.33392444996938,0.00801566855116279,-0.304748950283005,-57.8195856889525,0.975,0.00624999999999998,11.0,0.0528136998610274,3.89526488883122E-4,3.0,0.274131958108938,-8.80563484673435E-4,-11.0,0.352553009504151,0.467557668479516,22.5196011318211,24.1103987012605,24.0892775714589,0.839303522561131,0.027224206680881,-0.093103652713709,0.92730578634512,0.0230093000005887,1.1566985441684,0.297381973287757,3.8896054504593,-0.516784819380449,0.160779478828893,0.0209033333035026,0.0151261572902595,0.0111564706783685,1.08873731453572,0.144111813055357,0.00395726012338593,0.0041739270388472,0.0390203747068467,0.0280678226877259,0.47750873638856,0.332645073742059,0.52622034215661,0.403526977248137,3.11232220760349,0.00601773565289725,0.307529306396003,8.71716579390238E-4,-0.662160591015893,-2.12160529454987,0.0,0.0,0.792986098011598,8.42140497096136,1.0589044932794,0.088682258357313,0.321308939889276,0.0941631593238858,0.00495013505246381,0.856273958583554,0.143726041416446,0.75286638349613,-0.078470626361259,-0.586029359046834,0.0941631593238858,-8.17248882333282E8,-0.5,27.0916680385956,44.0407315856058
"002236","2014-10-27",92.5150766461525,3.89125765281384,123.849507636567,2.90675358239138,0.96,60.92,1.21558547833857,-0.18,0.01,-0.03,0.21,26.23,25.86,26.71,26.12,26.26,108.0,1.43705661321576,18.11,0.390807361380768,71.0233773068934,5.06875360832861,26.27,25.82,26.88,26.08,26.0,0.449010226287788,0.325156699439027,0.182527640875515,32.13,13.46,0.478714453314744,8.87,5.85,24.9692018192463,4.5526359747688,0.99,0.97,0.99,0.272370362148832,0.99,0.380037269164851,0.198592203699064,1.23,1.55,1.5,1.27,2.07,0.609192638619232,0.182527640875515,0.134635588178649,0.175864275001728,0.0913350990297947,0.134635588178649,0.213936456823997,0.146535019125933,-0.00440989300566812,4.24680959560968,3.14636764724539,0.261371850821818,0.00822782829202351,-0.395759810058134,-58.0170719398825,0.984375,0.015625,13.0,0.047758971263343,-0.00251650733681207,3.0,0.254685025378781,-0.00905563574723631,-13.0,0.275375421232884,0.421720730890444,22.5196011318211,24.1522490548478,24.1311279250461,0.873506424084624,0.0272284421276741,-0.0968769964400029,0.926449813499257,0.0230696378730462,1.16844859359664,0.297234483756699,3.93106674174814,-0.420069894120805,0.220106895024668,0.0208297889846766,0.015355276658488,0.0112511592248166,1.0951329636823,0.138205142918743,0.00379506502155455,0.0041739270388472,0.0374210576410632,0.0280678226877259,0.47750873638856,0.332645073742059,0.52622034215661,0.403526977248137,3.11232220760349,0.00601773565289725,0.307529306396003,8.36017648321502E-4,-0.662160591015893,-2.12160529454987,0.0,0.0,0.792986098011598,8.42140497096136,1.0589044932794,0.088682258357313,0.321308939889276,0.0941631593238858,0.00495013505246381,0.856273958583554,0.143726041416446,0.75286638349613,-0.078470626361259,-0.586029359046834,0.0941631593238858,-8.25072193311524E8,-0.5,35.4497126406958,44.3773466044028
"002236","2014-10-28",92.5150766461525,3.89125765281384,123.849507636567,2.90675358239138,0.96,60.92,1.21558547833857,-0.14,0.01,0.11,0.21,26.33,25.86,26.72,26.4,26.32,108.0,1.43705661321576,18.11,0.390807361380768,71.0233773068934,5.06875360832861,26.3,25.81,26.87,26.25,26.08,0.449010226287788,0.325156699439027,0.182527640875515,32.13,13.46,0.478714453314744,8.87,5.99,25.5830437701733,4.66455781227257,1.01,0.99,1.03,0.272370362148832,0.99,0.380037269164851,0.198592203699064,1.32,1.57,1.55,1.52,2.07,0.609192638619232,0.182527640875515,0.134635588178649,0.175864275001728,0.0913350990297947,0.134635588178649,0.213936456823997,0.146535019125933,-0.00440989300566812,4.24680959560968,3.14636764724539,0.261371850821818,0.00822782829202351,-0.395759810058134,-59.4433615299326,0.984375,0.015625,16.0,0.0475964029042771,-0.00245245262323155,4.0,0.253818094505707,-0.00902481096594844,-16.0,0.275375421232884,0.421720730890444,22.5196011318211,24.1556587948439,24.1345376650422,0.885073060456089,0.027224206680881,-0.0969760596315354,0.923594183191587,0.023025739342358,1.16287637366561,0.295669333116,3.93303005560398,-0.416660404930261,0.223516384215212,0.020713217466233,0.0153428194553698,0.0112617075458502,1.09405120137772,0.137734701811984,0.00378214687284275,0.0041739270388472,0.0372936788518161,0.0280678226877259,0.47750873638856,0.332645073742059,0.52622034215661,0.403526977248137,3.11232220760349,0.00601773565289725,0.307529306396003,8.33174270901176E-4,-0.662160591015893,-2.12160529454987,0.0,0.0,0.792986098011598,8.42140497096136,1.0589044932794,0.088682258357313,0.321308939889276,0.0941631593238858,0.00495013505246381,0.856273958583554,0.143726041416446,0.75286638349613,-0.078470626361259,-0.586029359046834,0.0941631593238858,-6.08859045077203E8,-0.333333333333333,37.4331059680678,51.8029802306259
"002236","2014-10-29",92.5150766461525,3.89125765281384,123.849507636567,2.90675358239138,0.96,60.92,1.21558547833857,-0.08,0.03,0.32,0.21,26.39,25.86,26.69,26.56,26.35,108.0,1.43705661321576,18.11,0.390807361380768,71.0233773068934,5.06875360832861,26.33,25.8,26.82,26.4,26.13,0.449010226287788,0.325156699439027,0.182527640875515,32.13,13.46,0.478714453314744,8.87,5.93,25.3375069898025,4.61978907727106,1.01,0.96,1.03,0.272370362148832,0.99,0.380037269164851,0.198592203699064,1.43,1.58,1.56,1.78,2.04,0.609192638619232,0.182527640875515,0.134635588178649,0.175864275001728,0.0913350990297947,0.134635588178649,0.213936456823997,0.146535019125933,-0.00440989300566812,4.24680959560968,3.14636764724539,0.261371850821818,0.00822782829202351,-0.395759810058134,-58.8728456939125,0.984375,0.015625,17.0,0.0464543703502801,-0.00239360824504401,3.0,0.247727959347762,-0.00880826880545134,-17.0,0.275375421232884,0.421720730890444,22.5196011318211,24.1799454359574,24.1588243061558,0.877411266003649,0.0269901539136597,-0.098687596950637,0.924974408224288,0.0230159620802761,1.08851833269352,0.28469489709944,3.82345571973254,-0.452164594033421,0.247803289508521,0.0207355873508196,0.0154851603016377,0.0113239101684565,1.08945544899735,0.134429882462491,0.00369139768615586,0.0041739270388472,0.036398850824733,0.0280678226877259,0.47750873638856,0.332645073742059,0.52622034215661,0.403526977248137,3.11232220760349,0.00601773565289725,0.307529306396003,8.13199266204718E-4,-0.662160591015893,-2.12160529454987,0.0,0.0,0.792986098011598,8.42140497096136,1.0589044932794,0.088682258357313,0.321308939889276,0.0941631593238858,0.00495013505246381,0.856273958583554,0.143726041416446,0.75286638349613,-0.078470626361259,-0.586029359046834,0.0941631593238858,-5.28401794133926E8,-0.166666666666667,49.8189361868074,51.8289053663763
"002236","2014-10-30",92.5150766461525,3.89125765281384,123.849507636567,2.90675358239138,0.96,60.92,1.21558547833857,-0.01,0.01,0.52,0.21,26.42,25.85,26.65,26.65,26.37,108.0,1.43705661321576,18.11,0.390807361380768,71.0233773068934,5.06875360832861,26.36,25.77,26.76,26.64,26.16,0.449010226287788,0.325156699439027,0.182527640875515,32.13,13.46,0.478714453314744,8.87,5.85,24.9880892638902,4.55607972361507,1.01,0.96,1.05,0.272370362148832,0.99,0.380037269164851,0.198592203699064,1.48,1.59,1.55,1.89,2.01,0.609192638619232,0.182527640875515,0.134635588178649,0.175864275001728,0.0913350990297947,0.134635588178649,0.213936456823997,0.146535019125933,-0.00440989300566812,4.24680959560968,3.14636764724539,0.261371850821818,0.00822782829202351,-0.395759810058134,-58.0609577734225,0.984375,0.00710227272727304,17.0,0.0465877407954201,-0.00324977308427174,3.0,0.250128603008978,-0.00790591046739395,-17.0,0.266761288937653,0.421720730890444,22.5196011318211,24.170301444298,24.1491803144963,0.876112110272029,0.0267444120172218,-0.098810624210743,0.906559390145829,0.0230100974549208,1.08851833269352,0.28469489709944,3.82345571973254,-0.422672437239729,0.246657760327092,0.020375849062805,0.0156079267958544,0.0113851612714058,1.07971816472209,0.13573259470402,0.00372716970995014,0.0041739270388472,0.0367515791592254,0.0280678226877259,0.47750873638856,0.332645073742059,0.52622034215661,0.403526977248137,3.11232220760349,0.00601773565289725,0.307529306396003,8.21073221039478E-4,-0.662160591015893,-2.12160529454987,0.0,0.0,0.792986098011598,8.42140497096136,1.0589044932794,0.088682258357313,0.321308939889276,0.0941631593238858,0.00495013505246381,0.856273958583554,0.143726041416446,0.75286638349613,-0.078470626361259,-0.586029359046834,0.0941631593238858,-5.25746563445468E8,-0.166666666666667,52.2813009763134,51.0977618558238
"002236","2014-10-31",92.5150766461525,3.89125765281384,123.849507636567,2.90675358239138,0.96,60.92,1.21558547833857,0.04,-0.01,0.63,0.21,26.36,25.84,26.58,26.46,26.38,108.0,1.43705661321576,18.11,0.390807361380768,71.0233773068934,5.06875360832861,26.35,25.75,26.7,26.55,26.18,0.449010226287788,0.325156699439027,0.182527640875515,32.13,13.46,0.478714453314744,8.87,5.73,24.4686845361827,4.46137663034265,0.99,0.95,0.98,0.272370362148832,0.99,0.380037269164851,0.198592203699064,1.54,1.6,1.56,1.83,2.01,0.609192638619232,0.182527640875515,0.134635588178649,0.175864275001728,0.0913350990297947,0.134635588178649,0.213936456823997,0.146535019125933,-0.00440989300566812,4.24680959560968,3.14636764724539,0.261371850821818,0.00822782829202351,-0.395759810058134,-56.8540973510724,0.984375,0.00710227272727304,17.0,0.047239194464895,-0.00329521586738514,3.0,0.253626244094138,-0.00801646174755025,-17.0,0.266761288937653,0.421720730890444,22.5196011318211,24.1564149385472,24.1352938087456,0.845409880222874,0.0266236575089367,-0.0983735243554263,0.904158232847393,0.0229598148258587,1.08851833269352,0.28469489709944,3.82345571973254,-0.436802076645103,0.214680676532072,0.0201001276989192,0.0157155669908504,0.0114470358673005,1.07119911052909,0.137630593949693,0.00377928810725481,0.0041739270388472,0.0372654901300838,0.0280678226877259,0.47750873638856,0.332645073742059,0.52622034215661,0.403526977248137,3.11232220760349,0.00601773565289725,0.307529306396003,8.32545033852197E-4,-0.662160591015893,-2.12160529454987,0.0,0.0,0.792986098011598,8.42140497096136,1.0589044932794,0.088682258357313,0.321308939889276,0.0941631593238858,0.00495013505246381,0.856273958583554,0.143726041416446,0.75286638349613,-0.078470626361259,-0.586029359046834,0.0941631593238858,-6.6747327352179E8,-0.333333333333333,46.8635060467461,52.1477852121148
"002236","2014-11-03",92.5150766461525,3.89125765281384,123.849507636567,2.90675358239138,0.96,60.92,1.21558547833857,,-0.05,0.4,0.21,26.28,25.83,26.5,26.32,26.39,1.08,1.43705661321576,18.11,0.390807361380768,71.0233773068934,5.06875360832861,26.27,25.73,26.61,26.45,26.21,0.449010226287788,0.325156699439027,0.182527640875515,32.13,13.46,0.478714453314744,8.87,5.74,24.4686845361827,4.46137663034265,0.97,0.94,0.98,0.272370362148832,0.99,0.380037269164851,0.198592203699064,1.51,1.6,1.52,1.76,2.0,0.609192638619232,0.182527640875515,0.134635588178649,0.175864275001728,0.0913350990297947,0.134635588178649,0.213936456823997,0.146535019125933,-0.00440989300566812,4.24680959560968,3.14636764724539,0.261371850821818,0.00822782829202351,-0.395759810058134,-56.8540973510724,0.984375,0.00710227272727304,18.0,0.0482419562154042,-0.00336516448672369,2.0,0.259010050896599,-0.00818662978927748,-18.0,0.266761288937653,0.421720730890444,22.5196011318211,24.1354097744344,24.1142886446328,0.837739373918654,0.0267284874412121,-0.0983143894073323,0.883799175293177,0.0230991373030915,1.07535094579689,0.280521112347914,3.83340468314984,-0.455858819741349,0.207744131848263,0.0201122474639598,0.0157390273135299,0.0115352608341851,1.06240477799021,0.140552123346541,0.00385951228552537,0.0041739270388472,0.0380565368136633,0.0280678226877259,0.47750873638856,0.332645073742059,0.52622034215661,0.403526977248137,3.11232220760349,0.00601773565289725,0.307529306396003,8.50202712778991E-4,-0.662160591015893,-2.12160529454987,0.0,0.0,0.792986098011598,8.42140497096136,1.0589044932794,0.088682258357313,0.321308939889276,0.0941631593238858,0.00495013505246381,0.856273958583554,0.143726041416446,0.75286638349613,-0.078470626361259,-0.586029359046834,0.0941631593238858,-6.63649154492489E8,-0.333333333333333,44.0972296897752,51.4472646838871
"002236","2014-11-04",92.5150766461525,3.89125765281384,123.849507636567,2.90675358239138,0.96,60.92,1.21558547833857,,-0.08,0.4,0.21,26.16,25.82,26.39,25.99,26.39,1.08,1.43705661321576,18.11,0.390807361380768,71.0233773068934,5.06875360832861,26.19,25.71,26.51,26.13,26.23,0.449010226287788,0.325156699439027,0.182527640875515,32.13,13.46,0.478714453314744,8.87,5.63,24.5347905924364,4.47342975130459,0.97,0.92,0.94,0.272370362148832,0.99,0.380037269164851,0.198592203699064,1.57,1.61,1.51,1.63,2.0,0.609192638619232,0.182527640875515,0.134635588178649,0.175864275001728,0.0913350990297947,0.134635588178649,0.213936456823997,0.146535019125933,-0.00440989300566812,4.24680959560968,3.14636764724539,0.261371850821818,0.00822782829202351,-0.395759810058134,-57.0076977684624,0.984375,0.00710227272727304,19.0,0.0477188463244546,-0.00374922516869912,1.0,0.258312179319895,-0.00816457189531099,-19.0,0.256410456723345,0.421720730890444,22.5196011318211,24.1381077911029,24.1169866613012,0.825316853920097,0.0267284874412121,-0.0981519970191341,0.883905066665222,0.0230516531410935,1.07535094579689,0.280521112347914,3.83340468314984,-0.45316065102021,0.210442300569403,0.0200495324455121,0.0156959639787323,0.011530623744244,1.05900706376746,0.140173422475322,0.00384911329168446,0.0041739270388472,0.0379539980308705,0.0280678226877259,0.47750873638856,0.332645073742059,0.52622034215661,0.403526977248137,3.11232220760349,0.00601773565289725,0.307529306396003,8.47913885720234E-4,-0.662160591015893,-2.12160529454987,0.0,0.0,0.792986098011598,8.42140497096136,1.0589044932794,0.088682258357313,0.321308939889276,0.0941631593238858,0.00495013505246381,0.856273958583554,0.143726041416446,0.75286638349613,-0.078470626361259,-0.586029359046834,0.0941631593238858,-5.93855824931148E8,-0.166666666666667,48.8764751505987,45.7020465304958
"002236","2014-11-05",92.5150766461525,3.89125765281384,123.849507636567,2.90675358239138,0.96,60.92,1.21558547833857,0.1,-0.08,0.35,0.21,25.96,25.79,26.23,25.56,26.36,1.08,1.43705661321576,18.11,0.390807361380768,71.0233773068934,5.06875360832861,26.07,25.69,26.35,25.73,26.23,0.449010226287788,0.325156699439027,0.182527640875515,32.13,13.46,0.478714453314744,8.87,5.49,24.0531607540167,4.38561415572471,0.95,0.89,0.92,0.272370362148832,0.99,0.380037269164851,0.198592203699064,1.7,1.63,1.51,1.62,2.0,0.609192638619232,0.182527640875515,0.134635588178649,0.175864275001728,0.0913350990297947,0.134635588178649,0.213936456823997,0.146535019125933,-0.00440989300566812,4.24680959560968,3.14636764724539,0.261371850821818,0.00822782829202351,-0.395759810058134,-55.8886090131924,0.979166666666667,0.00189393939394,20.0,0.0492216042745324,-0.00327704108833105,0.0,0.26542535207151,-0.00638721159441286,-20.0,0.270536569034002,0.432193218531081,22.5196011318211,24.1182820688518,24.0971609390501,0.781204279301776,0.0267284874412121,-0.0990704186894947,0.883134642384945,0.0230827049927398,1.04181417910554,0.273690712293263,3.80653830148692,-0.501584288143137,0.190616071531257,0.0200327360566985,0.0157671891967042,0.0115754366553012,1.05537729853937,0.142980193007808,0.00392618623156507,0.0041739270388472,0.0387139720786029,0.0280678226877259,0.47750873638856,0.332645073742059,0.52622034215661,0.403526977248137,3.11232220760349,0.00601773565289725,0.307529306396003,8.64877453741438E-4,-0.662160591015893,-2.12160529454987,0.0,0.0,0.792986098011598,8.42140497096136,1.0589044932794,0.088682258357313,0.321308939889276,0.0941631593238858,0.00495013505246381,0.856273958583554,0.143726041416446,0.75286638349613,-0.078470626361259,-0.586029359046834,0.0941631593238858,-8.37276371786437E8,-0.166666666666667,44.9999902917323,44.6805136380428
"002236","2014-11-06",92.5150766461525,3.89125765281384,123.849507636567,2.90675358239138,0.96,60.92,1.21558547833857,0.2,-0.1,0.01,0.21,25.79,25.77,26.06,25.19,26.34,1.08,1.43705661321576,18.11,0.390807361380768,71.0233773068934,5.06875360832861,26.0,25.65,26.19,25.36,26.24,0.449010226287788,0.325156699439027,0.182527640875515,32.13,13.46,0.478714453314744,8.87,5.44,23.4393188030897,4.27369231822094,0.97,0.88,0.93,0.272370362148832,0.99,0.380037269164851,0.198592203699064,1.77,1.64,1.5,1.65,2.01,0.609192638619232,0.182527640875515,0.134635588178649,0.175864275001728,0.0913350990297947,0.134635588178649,0.213936456823997,0.146535019125933,-0.00440989300566812,4.24680959560968,3.14636764724539,0.261371850821818,0.00822782829202351,-0.395759810058134,-54.4623194231423,0.979166666666667,0.00189393939394,21.0,0.0505106470939702,-0.00336286206767896,-1.0,0.272376459196671,-0.00655448345325123,-21.0,0.270536569034002,0.432193218531081,22.5196011318211,24.0924305596369,24.0713094298352,0.783707409519895,0.0267603365932314,-0.0995123415760006,0.898960383434224,0.023074481469957,1.02909915753602,0.270152135568673,3.80933193576187,-0.534752703111532,0.18841926595134,0.0201567237788669,0.0158594086290058,0.0116440986102002,1.05420352594028,0.146724638030172,0.00402900738589695,0.0041739270388472,0.0397278351668822,0.0280678226877259,0.47750873638856,0.332645073742059,0.52622034215661,0.403526977248137,3.11232220760349,0.00601773565289725,0.307529306396003,8.87507244824354E-4,-0.662160591015893,-2.12160529454987,0.0,0.0,0.792986098011598,8.42140497096136,1.0589044932794,0.088682258357313,0.321308939889276,0.0941631593238858,0.00495013505246381,0.856273958583554,0.143726041416446,0.75286638349613,-0.078470626361259,-0.586029359046834,0.0941631593238858,-1.11523246404514E9,-0.333333333333333,32.984398431683,43.6035887234977
"002236","2014-11-07",92.5150766461525,3.89125765281384,123.849507636567,2.90675358239138,0.96,60.92,1.21558547833857,0.23,-0.14,-0.05,0.21,25.62,25.75,25.94,25.03,26.32,1.08,1.43705661321576,18.11,0.390807361380768,71.0233773068934,5.06875360832861,25.86,25.63,26.08,25.16,26.25,0.449010226287788,0.325156699439027,0.182527640875515,32.13,13.46,0.478714453314744,8.87,5.5,23.2315569120068,4.23581108091197,0.94,0.92,0.96,0.272370362148832,0.99,0.380037269164851,0.198592203699064,1.72,1.65,1.48,1.6,2.01,0.609192638619232,0.182527640875515,0.134635588178649,0.175864275001728,0.0913350990297947,0.134635588178649,0.213936456823997,0.146535019125933,-0.00440989300566812,4.24680959560968,3.14636764724539,0.261371850821818,0.00822782829202351,-0.395759810058134,-53.9795752542023,0.979166666666667,0.00189393939394,22.0,0.0509623683281439,-0.00339293644389397,-2.0,0.274812346230137,-0.00661310078494698,-22.0,0.270536569034002,0.432193218531081,22.5196011318211,24.0835272227987,24.0624060929971,0.783507429517229,0.0267284874412121,-0.0999365948291264,0.895941384466033,0.0230087871743497,1.03345208260815,0.270480889901723,3.82079518809496,-0.532541002843218,0.173729630847765,0.0201963161403399,0.015984248609548,0.0117143821996236,1.04640669014716,0.148036809589791,0.00406503915926676,0.0041739270388472,0.0400831247496755,0.0280678226877259,0.47750873638856,0.332645073742059,0.52622034215661,0.403526977248137,3.11232220760349,0.00601773565289725,0.307529306396003,8.95437194349637E-4,-0.662160591015893,-2.12160529454987,0.0,0.0,0.792986098011598,8.42140497096136,1.0589044932794,0.088682258357313,0.321308939889276,0.0941631593238858,0.00495013505246381,0.856273958583554,0.143726041416446,0.75286638349613,-0.078470626361259,-0.586029359046834,0.0941631593238858,-1.23346574295874E9,-0.333333333333333,34.9353404861101,42.6725324995096
"002236","2014-11-10",92.5150766461525,3.89125765281384,123.849507636567,2.90675358239138,0.96,60.92,1.21558547833857,0.12,-0.19,-0.03,0.21,25.47,25.73,25.84,24.91,26.3,1.08,1.43705661321576,18.11,0.390807361380768,71.0233773068934,5.06875360832861,25.71,25.6,26.0,24.95,26.25,0.449010226287788,0.325156699439027,0.182527640875515,32.13,13.46,0.478714453314744,8.87,5.51,23.5148685816654,4.28746731360602,0.94,0.94,0.96,0.272370362148832,0.99,0.380037269164851,0.198592203699064,1.7,1.66,1.46,1.63,2.01,0.609192638619232,0.182527640875515,0.134635588178649,0.175864275001728,0.0913350990297947,0.134635588178649,0.213936456823997,0.146535019125933,-0.00440989300566812,4.24680959560968,3.14636764724539,0.261371850821818,0.00822782829202351,-0.395759810058134,-54.6378627573024,0.979166666666667,0.00416666666666698,22.0,0.0503483638904555,-0.00368359878285926,-4.0,0.271501354106882,-0.00667689467690544,-22.0,0.270536569034002,0.432193218531081,22.5196011318211,24.0956485833311,24.0745274535294,0.795844244260903,0.0267284874412121,-0.0977990832971141,0.936732152478598,0.0228849812870548,1.08296337637095,0.282531574113186,3.83307026752735,-0.509660233984973,0.222575174897607,0.0202672517700791,0.0161805370958675,0.0118149829725056,1.04418684257262,0.146253233570637,0.00401606278385391,0.0041739270388472,0.039600195535824,0.0280678226877259,0.47750873638856,0.332645073742059,0.52622034215661,0.403526977248137,3.11232220760349,0.00601773565289725,0.307529306396003,8.84658338465672E-4,-0.662160591015893,-2.12160529454987,0.0,0.0,0.792986098011598,8.42140497096136,1.0589044932794,0.088682258357313,0.321308939889276,0.0941631593238858,0.00495013505246381,0.856273958583554,0.143726041416446,0.75286638349613,-0.078470626361259,-0.586029359046834,0.0941631593238858,-1.33017601751648E9,-0.166666666666667,39.317818641525,43.0208905635755
"002236","2014-11-11",92.5150766461525,3.89125765281384,123.849507636567,2.90675358239138,0.96,60.92,1.21558547833857,0.15,-0.19,0.03,0.21,25.15,25.69,25.66,24.57,26.25,1.08,1.43705661321576,18.11,0.390807361380768,71.0233773068934,5.06875360832861,25.39,25.57,25.85,24.64,26.23,0.449010226287788,0.325156699439027,0.182527640875515,32.13,13.46,0.478714453314744,8.87,5.29,23.5526434709532,4.29435481129856,0.88,0.89,0.94,0.272370362148832,0.99,0.380037269164851,0.198592203699064,1.66,1.67,1.49,1.7,2.02,0.609192638619232,0.182527640875515,0.134635588178649,0.175864275001728,0.0913350990297947,0.134635588178649,0.213936456823997,0.146535019125933,-0.00440989300566812,4.24680959560968,3.14636764724539,0.261371850821818,0.00822782829202351,-0.395759810058134,-54.7256344243823,0.979166666666667,0.00416666666666698,21.0,0.0507795141442545,-0.00316578940688969,-3.0,0.271065906866935,-0.00666618594446453,-21.0,0.283475108638712,0.432193218531081,22.5196011318211,24.0972537201123,24.0761325903106,0.768456346784556,0.0267284874412121,-0.0968028844519468,0.914914864857437,0.0228802139329212,1.08296337637095,0.282531574113186,3.83307026752735,-0.508054929220367,0.224180479662213,0.0202057560171742,0.0161456840958954,0.0118151616750641,1.04272013827419,0.146018665433395,0.00400962162461758,0.0041739270388472,0.0395366827923824,0.0280678226877259,0.47750873638856,0.332645073742059,0.52622034215661,0.403526977248137,3.11232220760349,0.00601773565289725,0.307529306396003,8.83240733057193E-4,-0.662160591015893,-2.12160529454987,0.0,0.0,0.792986098011598,8.42140497096136,1.0589044932794,0.088682258357313,0.321308939889276,0.0941631593238858,0.00495013505246381,0.856273958583554,0.143726041416446,0.75286638349613,-0.078470626361259,-0.586029359046834,0.0941631593238858,-1.41598094495516E9,0.0,46.555479383617,47.5171953780783
"002236","2014-11-12",92.5150766461525,3.89125765281384,123.849507636567,2.90675358239138,0.96,60.92,1.21558547833857,0.06,-0.19,-0.11,0.21,24.89,25.66,25.51,24.39,26.2,1.08,1.43705661321576,18.11,0.390807361380768,71.0233773068934,5.06875360832861,25.11,25.54,25.72,24.48,26.22,0.449010226287788,0.325156699439027,0.182527640875515,32.13,13.46,0.478714453314744,8.87,5.32,22.5988275164358,4.12044549456193,0.9,0.9,0.97,0.272370362148832,0.99,0.380037269164851,0.198592203699064,1.6,1.68,1.51,1.57,2.02,0.609192638619232,0.182527640875515,0.134635588178649,0.175864275001728,0.0913350990297947,0.134635588178649,0.213936456823997,0.146535019125933,-0.00440989300566812,4.24680959560968,3.14636764724539,0.261371850821818,0.00822782829202351,-0.395759810058134,-52.5093998306123,0.979166666666667,0.00416666666666698,22.0,0.0498088609879664,-0.00641328153462182,-4.0,0.279787289450068,-0.00966688500527259,-22.0,0.20795781890215,0.418407259838459,22.5196011318211,24.0559136817807,24.034792551979,0.776186144846497,0.0267603365932314,-0.096634778158338,0.920405086909232,0.0229910698025863,1.05321988260955,0.273477564819283,3.85121128055068,-0.579234056093358,0.182840121572287,0.0203116713429774,0.0162513879974413,0.0118761929153431,1.04649756186206,0.152181592808561,0.00417885346084255,0.0041739270388472,0.04120538524204,0.0280678226877259,0.47750873638856,0.332645073742059,0.52622034215661,0.403526977248137,3.11232220760349,0.00601773565289725,0.307529306396003,9.20484861789597E-4,-0.662160591015893,-2.12160529454987,0.0,0.0,0.792986098011598,8.42140497096136,1.0589044932794,0.088682258357313,0.321308939889276,0.0941631593238858,0.00495013505246381,0.856273958583554,0.143726041416446,0.75286638349613,-0.078470626361259,-0.586029359046834,0.0941631593238858,-1.64270745195011E9,-0.166666666666667,24.3645519480115,45.762195747713
"002236","2014-11-13",92.5150766461525,3.89125765281384,123.849507636567,2.90675358239138,0.96,60.92,1.21558547833857,0.08,-0.13,-0.02,0.21,24.52,25.62,25.3,23.95,26.13,1.08,1.43705661321576,18.11,0.390807361380768,71.0233773068934,5.06875360832861,24.76,25.51,25.57,24.17,26.18,0.449010226287788,0.325156699439027,0.182527640875515,32.13,13.46,0.478714453314744,8.87,5.08,22.7121521842993,4.14110798763955,0.87,0.88,0.93,0.272370362148832,0.99,0.380037269164851,0.198592203699064,1.66,1.69,1.57,1.67,2.03,0.609192638619232,0.182527640875515,0.134635588178649,0.175864275001728,0.0913350990297947,0.134635588178649,0.213936456823997,0.146535019125933,-0.00440989300566812,4.24680959560968,3.14636764724539,0.261371850821818,0.00822782829202351,-0.395759810058134,-52.7727148318523,0.979166666666667,0.00416666666666698,22.0,0.0495603344466543,-0.00594412534785253,-6.0,0.2783912613946,-0.00964676693857476,-22.0,0.20795781890215,0.418407259838459,22.5196011318211,24.0609157764122,24.0397946466105,0.790487929557357,0.0267284874412121,-0.0936736602262362,0.92629259330575,0.0229846457060249,1.05321988260955,0.273477564819283,3.85121128055068,-0.550384349321069,0.186098318784438,0.020195619605193,0.0163291428971493,0.0119196133870234,1.04147151537239,0.151422266773758,0.00415800263276351,0.0041739270388472,0.0409997866462377,0.0280678226877259,0.47750873638856,0.332645073742059,0.52622034215661,0.403526977248137,3.11232220760349,0.00601773565289725,0.307529306396003,9.15896212509642E-4,-0.662160591015893,-2.12160529454987,0.0,0.0,0.792986098011598,8.42140497096136,1.0589044932794,0.088682258357313,0.321308939889276,0.0941631593238858,0.00495013505246381,0.856273958583554,0.143726041416446,0.75286638349613,-0.078470626361259,-0.586029359046834,0.0941631593238858,-1.70904595946971E9,-0.166666666666667,24.8425460706911,45.8838268919233
"002236","2014-11-14",92.5150766461525,3.89125765281384,123.849507636567,2.90675358239138,0.96,60.92,1.21558547833857,0.01,-0.14,-0.12,0.21,24.25,25.59,25.12,23.65,26.07,1.08,1.43705661321576,18.11,0.390807361380768,71.0233773068934,5.06875360832861,24.5,25.48,25.43,23.84,26.16,0.449010226287788,0.325156699439027,0.182527640875515,32.13,13.46,0.478714453314744,8.87,5.14,21.7205613404941,3.96031117321038,0.9,0.89,0.93,0.272370362148832,0.99,0.380037269164851,0.198592203699064,1.59,1.7,1.56,1.58,2.01,0.609192638619232,0.182527640875515,0.134635588178649,0.175864275001728,0.0913350990297947,0.134635588178649,0.213936456823997,0.146535019125933,-0.00440989300566812,4.24680959560968,3.14636764724539,0.261371850821818,0.00822782829202351,-0.395759810058134,-50.4687085710022,0.979166666666667,0.00416666666666698,22.0,0.0518228714540016,-0.00621548759199363,-8.0,0.291100427675658,-0.0100871628205532,-22.0,0.20795781890215,0.418407259838459,22.5196011318211,24.0162749957896,23.9951538659879,0.754927754158806,0.0267284874412121,-0.0936314138540016,0.979663357044079,0.0230410480226274,1.13763956541155,0.28674032489632,3.96749067583327,-0.599079116409866,0.16922302539019,0.020284728072195,0.016504893225992,0.0120052990602262,1.04716413236017,0.15833502243082,0.00434782449208532,0.0041739270388472,0.0428715160366094,0.0280678226877259,0.47750873638856,0.332645073742059,0.52622034215661,0.403526977248137,3.11232220760349,0.00601773565289725,0.307529306396003,9.57668823015072E-4,-0.662160591015893,-2.12160529454987,0.0,0.0,0.792986098011598,8.42140497096136,1.0589044932794,0.088682258357313,0.321308939889276,0.0941631593238858,0.00495013505246381,0.856273958583554,0.143726041416446,0.75286638349613,-0.078470626361259,-0.586029359046834,0.0941631593238858,-1.73335447195745E9,-0.333333333333333,10.2916803315127,36.8295220192135
"002236","2014-11-17",92.5150766461525,3.89125765281384,123.849507636567,2.90675358239138,0.96,60.92,1.21558547833857,-0.1,-0.14,-0.13,0.21,24.04,25.55,24.95,23.48,26.02,1.08,1.43705661321576,18.11,0.390807361380768,71.0233773068934,5.06875360832861,24.25,25.45,25.27,23.55,26.14,0.449010226287788,0.325156699439027,0.182527640875515,32.13,13.46,0.478714453314744,8.87,5.19,21.956654398543,4.00335803378875,0.9,0.88,0.94,0.272370362148832,0.99,0.380037269164851,0.198592203699064,1.6,1.7,1.56,1.57,2.01,0.609192638619232,0.182527640875515,0.134635588178649,0.175864275001728,0.0913350990297947,0.134635588178649,0.213936456823997,0.146535019125933,-0.00440989300566812,4.24680959560968,3.14636764724539,0.261371850821818,0.00822782829202351,-0.395759810058134,-51.0172814902522,0.979166666666667,0.00416666666666698,22.0,0.0512656362770768,-0.00614865439207972,-10.0,0.287970315550113,-0.00997869870420314,-22.0,0.20795781890215,0.418407259838459,22.5196011318211,24.0270859118938,24.0059647820921,0.749072685014249,0.0267284874412121,-0.0955813347570488,0.975834676156129,0.0231124768441857,1.13763956541155,0.28674032489632,3.96749067583327,-0.600332621350274,0.154012542454109,0.0202515266768994,0.0166826222326994,0.0120617800660747,1.04307348324156,0.156632495307908,0.00430107369109515,0.0041739270388472,0.042410531993205,0.0280678226877259,0.47750873638856,0.332645073742059,0.52622034215661,0.403526977248137,3.11232220760349,0.00601773565289725,0.307529306396003,9.47381064459093E-4,-0.662160591015893,-2.12160529454987,0.0,0.0,0.792986098011598,8.42140497096136,1.0589044932794,0.088682258357313,0.321308939889276,0.0941631593238858,0.00495013505246381,0.856273958583554,0.143726041416446,0.75286638349613,-0.078470626361259,-0.586029359046834,0.0941631593238858,-1.72590062638181E9,-0.166666666666667,15.1754582391777,31.287483662131
"002236","2014-11-18",92.5150766461525,3.89125765281384,123.849507636567,2.90675358239138,0.96,60.92,1.21558547833857,-0.12,-0.12,-0.23,0.21,23.93,25.53,24.83,23.55,25.97,1.08,1.43705661321576,18.11,0.390807361380768,71.0233773068934,5.06875360832861,24.09,25.43,25.15,23.53,26.12,0.449010226287788,0.325156699439027,0.182527640875515,32.13,13.46,0.478714453314744,8.87,5.27,22.1738600119479,4.04296114552086,0.94,0.91,1.0,0.272370362148832,0.99,0.380037269164851,0.198592203699064,1.58,1.7,1.58,1.47,2.0,0.609192638619232,0.182527640875515,0.134635588178649,0.175864275001728,0.0913350990297947,0.134635588178649,0.213936456823997,0.146535019125933,-0.00440989300566812,4.24680959560968,3.14636764724539,0.261371850821818,0.00822782829202351,-0.395759810058134,-51.5219685759622,0.979166666666667,0.00416666666666698,21.0,0.0507634601125228,-0.00607649710588271,-13.0,0.285149481965082,-0.00988095165556742,-21.0,0.20795781890215,0.418407259838459,22.5196011318211,24.0369297748203,24.0158086450187,0.771497867172302,0.0267603365932314,-0.0927552056917644,0.972625099891729,0.0230802979187867,1.14292414265575,0.287407519502339,3.97666750207087,-0.590488945534647,0.163856218269736,0.0201300580810598,0.0166396387847999,0.0120588857584302,1.04142530945793,0.155098190626442,0.00425894221967472,0.0041739270388472,0.041995096628706,0.0280678226877259,0.47750873638856,0.332645073742059,0.52622034215661,0.403526977248137,3.11232220760349,0.00601773565289725,0.307529306396003,9.38109632050823E-4,-0.662160591015893,-2.12160529454987,0.0,0.0,0.792986098011598,8.42140497096136,1.0589044932794,0.088682258357313,0.321308939889276,0.0941631593238858,0.00495013505246381,0.856273958583554,0.143726041416446,0.75286638349613,-0.078470626361259,-0.586029359046834,0.0941631593238858,-1.68680344927435E9,0.0,20.2002469455707,26.8895808958937
"002236","2014-11-19",92.5150766461525,3.89125765281384,123.849507636567,2.90675358239138,0.96,60.92,1.21558547833857,-0.22,-0.11,-0.31,0.21,23.85,25.5,24.7,23.53,25.92,1.08,1.43705661321576,18.11,0.390807361380768,71.0233773068934,5.06875360832861,23.97,25.41,25.03,23.45,26.09,0.449010226287788,0.325156699439027,0.182527640875515,32.13,13.46,0.478714453314744,8.87,5.23,22.5232777378602,4.10667049917685,0.95,0.91,0.98,0.272370362148832,0.99,0.380037269164851,0.198592203699064,1.48,1.7,1.59,1.39,1.97,0.609192638619232,0.182527640875515,0.134635588178649,0.175864275001728,0.0913350990297947,0.134635588178649,0.213936456823997,0.146535019125933,-0.00440989300566812,4.24680959560968,3.14636764724539,0.261371850821818,0.00822782829202351,-0.395759810058134,-52.3338564964522,0.979166666666667,0.00416666666666698,22.0,0.0499759347355151,-0.00598222859732185,-14.0,0.280725779309859,-0.00972766225881438,-22.0,0.20795781890215,0.418407259838459,22.5196011318211,24.0525649971948,24.0314438673931,0.754294233517377,0.0267284874412121,-0.0922131588355478,0.953920687888152,0.023112284930473,1.12408316338672,0.281781489667385,3.98920157854791,-0.573912130934971,0.179491868556325,0.0198646624998794,0.0167148500460236,0.0120920066709405,1.04064128260457,0.152692055174376,0.00419287057936949,0.0041739270388472,0.0413436003707344,0.0280678226877259,0.47750873638856,0.332645073742059,0.52622034215661,0.403526977248137,3.11232220760349,0.00601773565289725,0.307529306396003,9.2356959044356E-4,-0.662160591015893,-2.12160529454987,0.0,0.0,0.792986098011598,8.42140497096136,1.0589044932794,0.088682258357313,0.321308939889276,0.0941631593238858,0.00495013505246381,0.856273958583554,0.143726041416446,0.75286638349613,-0.078470626361259,-0.586029359046834,0.0941631593238858,-1.64306120862054E9,0.166666666666667,28.631035277616,22.9005371425126
"002236","2014-11-20",92.5150766461525,3.89125765281384,123.849507636567,2.90675358239138,0.96,60.92,1.21558547833857,-0.32,-0.12,-0.6,0.21,23.71,25.47,24.57,23.48,25.85,1.08,1.43705661321576,18.11,0.390807361380768,71.0233773068934,5.06875360832861,23.83,25.39,24.92,23.49,26.05,0.449010226287788,0.325156699439027,0.182527640875515,32.13,13.46,0.478714453314744,8.87,5.12,22.353290736065,4.07567675956042,0.94,0.92,1.01,0.272370362148832,0.99,0.380037269164851,0.198592203699064,1.38,1.7,1.58,1.1,1.95,0.609192638619232,0.182527640875515,0.134635588178649,0.175864275001728,0.0913350990297947,0.134635588178649,0.213936456823997,0.146535019125933,-0.00440989300566812,4.24680959560968,3.14636764724539,0.261371850821818,0.00822782829202351,-0.395759810058134,-51.9388839945922,0.979166666666667,0.00416666666666698,22.0,0.0503559798665837,-0.0060277208300011,-16.0,0.282860576110694,-0.00980163687675213,-22.0,0.20795781890215,0.418407259838459,22.5196011318211,24.0449892033863,24.0238680735847,0.736356088386364,0.0267284874412121,-0.0919929190547775,0.956532118609588,0.0231066939069984,1.11982904817093,0.281555315622725,3.97729677272891,-0.56583313398356,0.171915518260124,0.0196865798567751,0.0167466999303455,0.0121133197047048,1.03952453512894,0.153853211487489,0.00422475552674112,0.0041739270388472,0.0416580003735537,0.0280678226877259,0.47750873638856,0.332645073742059,0.52622034215661,0.403526977248137,3.11232220760349,0.00601773565289725,0.307529306396003,9.30586397509306E-4,-0.662160591015893,-2.12160529454987,0.0,0.0,0.792986098011598,8.42140497096136,1.0589044932794,0.088682258357313,0.321308939889276,0.0941631593238858,0.00495013505246381,0.856273958583554,0.143726041416446,0.75286638349613,-0.078470626361259,-0.586029359046834,0.0941631593238858,-1.44575169342741E9,0.0,26.5722609414448,28.3685078216733
"002236","2014-11-21",92.5150766461525,3.89125765281384,123.849507636567,2.90675358239138,0.96,60.92,1.21558547833857,-0.4,-0.19,-0.67,0.21,23.61,25.44,24.43,23.5,25.79,1.08,1.43705661321576,18.11,0.390807361380768,71.0233773068934,5.06875360832861,23.69,25.37,24.78,23.53,26.02,0.449010226287788,0.325156699439027,0.182527640875515,32.13,13.46,0.478714453314744,8.87,5.19,21.8905483422893,3.99130491282681,0.94,0.89,1.01,0.272370362148832,0.99,0.380037269164851,0.198592203699064,1.3,1.7,1.51,1.03,1.94,0.609192638619232,0.182527640875515,0.134635588178649,0.175864275001728,0.0913350990297947,0.134635588178649,0.213936456823997,0.146535019125933,-0.00440989300566812,4.24680959560968,3.14636764724539,0.261371850821818,0.00822782829202351,-0.395759810058134,-50.8636810728622,0.979166666666667,0.00416666666666698,22.0,0.0514204505367574,-0.00615514029534625,-18.0,0.288839941179471,-0.0100088328245351,-22.0,0.20795781890215,0.418407259838459,22.5196011318211,24.024070617772,24.0029494879704,0.724992891170919,0.0267284874412121,-0.0921660745005738,0.957726209233668,0.0231266142138704,1.09400430696763,0.276114606658725,3.96213847650519,-0.590569593573606,0.14230648474811,0.0196172128175026,0.0167949697625046,0.012143447553031,1.03854363638034,0.157105501117725,0.00431406226565843,0.0041739270388472,0.0425386052132017,0.0280678226877259,0.47750873638856,0.332645073742059,0.52622034215661,0.403526977248137,3.11232220760349,0.00601773565289725,0.307529306396003,9.50239289558422E-4,-0.662160591015893,-2.12160529454987,0.0,0.0,0.792986098011598,8.42140497096136,1.0589044932794,0.088682258357313,0.321308939889276,0.0941631593238858,0.00495013505246381,0.856273958583554,0.143726041416446,0.75286638349613,-0.078470626361259,-0.586029359046834,0.0941631593238858,-1.34792379775713E9,0.0,26.6805453458755,30.0877553134421
"002236","2014-11-24",92.5150766461525,3.89125765281384,123.849507636567,2.90675358239138,0.96,60.92,1.21558547833857,-0.36,-0.18,-0.6,0.21,23.55,25.41,24.32,23.56,25.74,1.08,1.43705661321576,18.11,0.390807361380768,71.0233773068934,5.06875360832861,23.56,25.35,24.64,23.57,25.98,0.449010226287788,0.325156699439027,0.182527640875515,32.13,13.46,0.478714453314744,8.87,5.24,22.164416289626,4.04123927109772,0.95,0.89,1.01,0.272370362148832,0.99,0.380037269164851,0.198592203699064,1.34,1.7,1.52,1.1,1.93,0.609192638619232,0.182527640875515,0.134635588178649,0.175864275001728,0.0913350990297947,0.134635588178649,0.213936456823997,0.146535019125933,-0.00440989300566812,4.24680959560968,3.14636764724539,0.261371850821818,0.00822782829202351,-0.395759810058134,-51.5000256591922,0.979166666666667,0.00416666666666698,22.0,0.0505178646229948,-0.00634631072801334,-20.0,0.285270977270564,-0.00988516169035888,-22.0,0.201601701032028,0.418407259838459,22.5196011318211,24.0365037897234,24.0153826599217,0.749047670524364,0.0265188275766612,-0.0877615627352867,0.948464124765288,0.0231450040849393,1.09369954039074,0.276568763460345,3.9545302466797,-0.551345451083992,0.20207276291515,0.0194133507137162,0.0168459247543374,0.0121958098441131,1.04387793071115,0.155164274218529,0.00426075685206486,0.0041739270388472,0.0420129897248409,0.0280678226877259,0.47750873638856,0.332645073742059,0.52622034215661,0.403526977248137,3.11232220760349,0.00601773565289725,0.307529306396003,9.38508962774194E-4,-0.662160591015893,-2.12160529454987,0.0,0.0,0.792986098011598,8.42140497096136,1.0589044932794,0.088682258357313,0.321308939889276,0.0941631593238858,0.00495013505246381,0.856273958583554,0.143726041416446,0.75286638349613,-0.078470626361259,-0.586029359046834,0.0941631593238858,-1.26981809560065E9,0.166666666666667,35.1651130829547,34.5719242429567
"002236","2014-11-25",92.5150766461525,3.89125765281384,123.849507636567,2.90675358239138,0.96,60.92,1.21558547833857,-0.32,-0.18,-0.39,0.21,23.66,25.39,24.25,23.79,25.7,1.08,1.43705661321576,18.11,0.390807361380768,71.0233773068934,5.06875360832861,23.61,25.33,24.51,23.69,25.97,0.449010226287788,0.325156699439027,0.182527640875515,32.13,13.46,0.478714453314744,8.87,5.41,22.362734458387,4.07739863398356,1.02,0.9,1.02,0.272370362148832,0.99,0.380037269164851,0.198592203699064,1.39,1.71,1.53,1.32,1.95,0.609192638619232,0.182527640875515,0.134635588178649,0.175864275001728,0.0913350990297947,0.134635588178649,0.213936456823997,0.146535019125933,-0.00440989300566812,4.24680959560968,3.14636764724539,0.261371850821818,0.00822782829202351,-0.395759810058134,-51.9608269113622,0.96875,-0.015625,19.0,0.0506471195952059,-0.00249683702595489,-21.0,0.285210073378988,0.00180845096636659,-19.0,0.215455069490403,0.430793058027439,22.5196011318211,24.0454115898762,24.0242904600746,0.772073385223531,0.0265188275766612,-0.0872538993847565,0.932057012676104,0.0231179819022924,1.09369954039074,0.276568763460345,3.9545302466797,-0.542438180389089,0.210980033610053,0.019424413039343,0.0168315171923978,0.0122074979144384,1.03998115168262,0.153788239692097,0.00422297142390044,0.0041739270388472,0.0416404083125852,0.0280678226877259,0.47750873638856,0.332645073742059,0.52622034215661,0.403526977248137,3.11232220760349,0.00601773565289725,0.307529306396003,9.30193778940121E-4,-0.662160591015893,-2.12160529454987,0.0,0.0,0.792986098011598,8.42140497096136,1.0589044932794,0.088682258357313,0.321308939889276,0.0941631593238858,0.00495013505246381,0.856273958583554,0.143726041416446,0.75286638349613,-0.078470626361259,-0.586029359046834,0.0941631593238858,-1.22341010570398E9,0.333333333333333,39.867927264101,42.1583661716416
"002236","2014-11-26",92.5150766461525,3.89125765281384,123.849507636567,2.90675358239138,0.96,60.92,1.21558547833857,-0.29,-0.2,-0.26,0.21,23.72,25.37,24.17,23.91,25.67,1.08,1.43705661321576,18.11,0.390807361380768,71.0233773068934,5.06875360832861,23.62,25.31,24.37,23.79,25.96,0.449010226287788,0.325156699439027,0.182527640875515,32.13,13.46,0.478714453314744,8.87,5.34,23.0899010771774,4.20998296456495,1.0,0.9,1.02,0.272370362148832,0.99,0.380037269164851,0.198592203699064,1.42,1.71,1.51,1.45,1.95,0.609192638619232,0.182527640875515,0.134635588178649,0.175864275001728,0.0913350990297947,0.134635588178649,0.213936456823997,0.146535019125933,-0.00440989300566812,4.24680959560968,3.14636764724539,0.261371850821818,0.00822782829202351,-0.395759810058134,-53.6504315026523,0.96875,-0.015625,18.0,0.0490520978329029,-0.00241820453065897,-22.0,0.276227997448443,0.00175149770484911,-18.0,0.215455069490403,0.430793058027439,22.5196011318211,24.0774109957813,24.0562898659796,0.756242533797275,0.0265188275766612,-0.0901449721694234,0.940062129576213,0.0231543104259203,1.08821244322966,0.275222242042173,3.95394076857679,-0.513369968275199,0.24297976731717,0.0195105805489497,0.0169084632271947,0.0122891643007546,1.03450766892932,0.148945010875618,0.00408997804981441,0.0041739270388472,0.040329033490471,0.0280678226877259,0.47750873638856,0.332645073742059,0.52622034215661,0.403526977248137,3.11232220760349,0.00601773565289725,0.307529306396003,9.00925724852374E-4,-0.662160591015893,-2.12160529454987,0.0,0.0,0.792986098011598,8.42140497096136,1.0589044932794,0.088682258357313,0.321308939889276,0.0941631593238858,0.00495013505246381,0.856273958583554,0.143726041416446,0.75286638349613,-0.078470626361259,-0.586029359046834,0.0941631593238858,-1.0875889695678E9,0.333333333333333,45.5090256584279,53.3742641355125
"002236","2014-11-27",92.5150766461525,3.89125765281384,123.849507636567,2.90675358239138,0.96,60.92,1.21558547833857,-0.27,-0.17,0.08,0.21,23.89,25.36,24.14,24.19,25.65,1.08,1.43705661321576,18.11,0.390807361380768,71.0233773068934,5.06875360832861,23.78,25.29,24.28,24.08,25.96,0.449010226287788,0.325156699439027,0.182527640875515,32.13,13.46,0.478714453314744,8.87,5.44,22.8160331298408,4.16004860629403,1.07,0.93,1.06,0.272370362148832,0.99,0.380037269164851,0.198592203699064,1.46,1.73,1.56,1.81,1.97,0.609192638619232,0.182527640875515,0.134635588178649,0.175864275001728,0.0913350990297947,0.134635588178649,0.213936456823997,0.146535019125933,-0.00440989300566812,4.24680959560968,3.14636764724539,0.261371850821818,0.00822782829202351,-0.395759810058134,-53.0140869163223,0.96875,-0.015625,16.0,0.0496408854310627,-0.00244723099232665,-22.0,0.279543648080068,0.00177252147696857,-16.0,0.215455069490403,0.430793058027439,22.5196011318211,24.065479152927,24.0443580231254,0.756242533797275,0.0265188275766612,-0.0902985679995193,0.924807031891674,0.0231992003982513,1.09429371438612,0.275638170882346,3.97003691790282,-0.517957469939295,0.254121705607729,0.0195404504622292,0.0169792946679561,0.0123467134386262,1.03157719905442,0.150732844201526,0.00413907132938586,0.0041739270388472,0.0408131154322027,0.0280678226877259,0.47750873638856,0.332645073742059,0.52622034215661,0.403526977248137,3.11232220760349,0.00601773565289725,0.307529306396003,9.11729957216826E-4,-0.662160591015893,-2.12160529454987,0.0,0.0,0.792986098011598,8.42140497096136,1.0589044932794,0.088682258357313,0.321308939889276,0.0941631593238858,0.00495013505246381,0.856273958583554,0.143726041416446,0.75286638349613,-0.078470626361259,-0.586029359046834,0.0941631593238858,-1.00045771336783E9,0.166666666666667,42.5856086296375,62.6423468963067
"002236","2014-11-28",92.5150766461525,3.89125765281384,123.849507636567,2.90675358239138,0.96,60.92,1.21558547833857,-0.21,-0.19,0.3,0.21,23.98,25.34,24.1,24.28,25.64,1.08,1.43705661321576,18.11,0.390807361380768,71.0233773068934,5.06875360832861,23.88,25.28,24.2,24.23,25.97,0.449010226287788,0.325156699439027,0.182527640875515,32.13,13.46,0.478714453314744,8.87,5.36,23.2410006343287,4.23753295533511,1.04,0.93,1.03,0.272370362148832,0.99,0.380037269164851,0.198592203699064,1.54,1.75,1.56,2.05,1.95,0.609192638619232,0.182527640875515,0.134635588178649,0.175864275001728,0.0913350990297947,0.134635588178649,0.213936456823997,0.146535019125933,-0.00440989300566812,4.24680959560968,3.14636764724539,0.261371850821818,0.00822782829202351,-0.395759810058134,-54.0015181709723,0.958333333333333,-0.026041666666667,14.0,0.0493233474154694,-0.00181232478238056,-22.0,0.271734442789188,-9.57569349409209E-4,-16.0,0.230174206828264,0.416728299375331,22.5196011318211,24.0839336442634,24.0628125144617,0.715495603648551,0.0265188275766612,-0.0900805779440333,0.923139431785542,0.0231592763161758,1.09429371438612,0.275638170882346,3.97003691790282,-0.524255359213246,0.284048058556139,0.0195114460974975,0.0170939529754876,0.0124460339201423,1.00981981335262,0.147976656477402,0.00406338737578067,0.0041739270388472,0.040066837417392,0.0280678226877259,0.47750873638856,0.332645073742059,0.52622034215661,0.403526977248137,3.11232220760349,0.00601773565289725,0.307529306396003,8.95073669070443E-4,-0.662160591015893,-2.12160529454987,0.0,0.0,0.792986098011598,8.42140497096136,1.0589044932794,0.088682258357313,0.321308939889276,0.0941631593238858,0.00495013505246381,0.856273958583554,0.143726041416446,0.75286638349613,-0.078470626361259,-0.586029359046834,0.0941631593238858,-1.00591109964057E9,0.333333333333333,57.2340808812001,64.7894708175982
"002236","2014-12-01",92.5150766461525,3.89125765281384,123.849507636567,2.90675358239138,0.96,60.92,1.21558547833857,-0.02,-0.09,0.63,0.21,24.17,25.33,24.12,24.56,25.65,1.08,1.43705661321576,18.11,0.390807361380768,71.0233773068934,5.06875360832861,24.04,25.27,24.15,24.5,26.0,0.449010226287788,0.325156699439027,0.182527640875515,32.13,13.46,0.478714453314744,8.87,5.53,22.8915829084164,4.17382360167911,1.06,0.96,1.06,0.272370362148832,0.99,0.380037269164851,0.198592203699064,1.75,1.77,1.68,2.4,1.99,0.609192638619232,0.182527640875515,0.134635588178649,0.175864275001728,0.0913350990297947,0.134635588178649,0.213936456823997,0.146535019125933,-0.00440989300566812,4.24680959560968,3.14636764724539,0.261371850821818,0.00822782829202351,-0.395759810058134,-53.1896302504823,1.0,0.015625,14.0,0.0490078665487041,-0.00255768978550064,-22.0,0.273993469818442,-0.00286092039322782,-16.0,0.203928990796921,0.407029145796311,22.5196011318211,24.0687849410615,24.0476638112599,0.674116916427845,0.0263625582099127,-0.0881847208623278,0.904155393059102,0.0232667775190285,1.10899858048937,0.278092685579997,3.98787396430947,-0.544902014681873,0.228152508972351,0.0196456532077773,0.0171826335599903,0.0125506883106293,0.997207673476432,0.150235376068848,0.00412541102796874,0.0041739270388472,0.0406784186816013,0.0280678226877259,0.47750873638856,,,0.403526977248137,3.11232220760349,0.00601773565289725,0.307529306396003,9.08723681815462E-4,-0.662160591015893,-2.12160529454987,0.0,0.0,0.792986098011598,8.42140497096136,1.0589044932794,0.088682258357313,0.321308939889276,0.0941631593238858,0.00495013505246381,0.856273958583554,0.143726041416446,0.75286638349613,-0.078470626361259,-0.586029359046834,0.0941631593238858,-1.05899956634582E9,0.166666666666667,51.9191637575906,56.6754982405443
"002236","2014-12-02",92.5150766461525,3.89125765281384,123.849507636567,2.90675358239138,0.96,60.92,1.21558547833857,0.08,-0.05,0.6,0.21,24.3,25.33,24.14,24.67,25.65,1.08,1.43705661321576,18.11,0.390807361380768,71.0233773068934,5.06875360832861,24.14,25.27,24.12,24.59,26.02,0.449010226287788,0.325156699439027,0.182527640875515,32.13,13.46,0.478714453314744,8.87,5.51,23.6187495272069,4.3064079322605,1.04,0.98,1.02,0.272370362148832,0.99,0.380037269164851,0.198592203699064,1.85,1.77,1.72,2.37,2.0,0.609192638619232,0.182527640875515,0.134635588178649,0.175864275001728,0.0913350990297947,0.134635588178649,0.213936456823997,0.146535019125933,-0.00440989300566812,4.24680959560968,3.14636764724539,0.261371850821818,0.00822782829202351,-0.395759810058134,-54.8792348417724,1.0,0.015625,13.0,0.0471649924560031,-0.00281297977674866,-21.0,0.263030005338626,-0.00530067913681924,-15.0,0.195462400076081,0.393635663275659,22.5196011318211,24.10005652475,24.0789353949483,0.669286877039195,0.0265188275766612,-0.0897601396227132,0.908034388157506,0.0233132007138181,1.10899858048937,0.278092685579997,3.98787396430947,-0.513630865523297,0.259423658130927,0.0199714662218727,0.0173084605883323,0.0126332780933386,0.980459077499526,0.145609976645696,0.00399839917304927,0.0041739270388472,0.0394260243439431,0.0280678226877259,0.47750873638856,0.332645073742059,0.52622034215661,0.403526977248137,3.11232220760349,0.00601773565289725,0.307529306396003,8.80770825179258E-4,-0.662160591015893,-2.12160529454987,0.0,0.0,0.792986098011598,8.42140497096136,1.0589044932794,0.088682258357313,0.321308939889276,0.0941631593238858,0.00495013505246381,0.856273958583554,0.143726041416446,0.75286638349613,-0.078470626361259,-0.586029359046834,0.0941631593238858,-1.0435077485773E9,0.333333333333333,71.5202666930335,67.4746502882522
"002236","2014-12-03",92.5150766461525,3.89125765281384,123.849507636567,2.90675358239138,0.96,60.92,1.21558547833857,0.29,-0.01,0.9,0.21,24.51,25.34,24.23,24.96,25.66,1.08,1.43705661321576,18.11,0.390807361380768,71.0233773068934,5.06875360832861,24.32,25.28,24.15,24.85,26.04,0.449010226287788,0.325156699439027,0.182527640875515,32.13,13.46,0.478714453314744,8.87,5.63,23.5243123039873,4.28918918802915,1.08,1.03,1.05,0.272370362148832,0.99,0.380037269164851,0.198592203699064,2.07,1.78,1.77,2.68,2.03,0.609192638619232,0.182527640875515,0.134635588178649,0.175864275001728,0.0913350990297947,0.134635588178649,0.213936456823997,0.146535019125933,-0.00440989300566812,4.24680959560968,3.14636764724539,0.261371850821818,0.00822782829202351,-0.395759810058134,-54.6598056740723,1.0,0.015625,14.0,0.0473543340555856,-0.00282427234911618,-22.0,0.264085926676798,-0.00532195845892611,-16.0,0.195462400076081,0.393635663275659,22.5196011318211,24.0960501091345,24.0749289793328,0.669286877039195,0.0265188275766612,-0.0892302444124325,0.851128557238207,0.0234145759418978,1.10140159840809,0.277611496873646,3.96742069695113,-0.478997354181386,0.255417576585786,0.0200769762053609,0.0173471057399389,0.0127041067880945,0.96544719445978,0.146194520911637,0.00401445055471547,0.0041739270388472,0.0395842982272989,0.0280678226877259,0.47750873638856,0.332645073742059,0.52622034215661,0.403526977248137,3.11232220760349,0.00601773565289725,0.307529306396003,8.84303510672821E-4,-0.662160591015893,-2.12160529454987,0.0,0.0,0.792986098011598,8.42140497096136,1.0589044932794,0.088682258357313,0.321308939889276,0.0941631593238858,0.00495013505246381,0.856273958583554,0.143726041416446,0.75286638349613,-0.078470626361259,-0.586029359046834,0.0941631593238858,-1.04104956379766E9,0.166666666666667,68.3628944470402,74.2493878770725
"002236","2014-12-04",92.5150766461525,3.89125765281384,123.849507636567,2.90675358239138,0.96,60.92,1.21558547833857,0.48,0.03,0.95,0.21,24.74,25.35,24.32,25.16,25.65,1.08,1.43705661321576,18.11,0.390807361380768,71.0233773068934,5.06875360832861,24.56,25.29,24.2,25.03,26.03,0.449010226287788,0.325156699439027,0.182527640875515,32.13,13.46,0.478714453314744,8.87,5.64,24.0626044763387,4.38733603014785,1.1,1.04,1.04,0.272370362148832,0.99,0.380037269164851,0.198592203699064,2.28,1.8,1.83,2.75,2.0,0.609192638619232,0.182527640875515,0.134635588178649,0.175864275001728,0.0913350990297947,0.134635588178649,0.213936456823997,0.146535019125933,-0.00440989300566812,4.24680959560968,3.14636764724539,0.261371850821818,0.00822782829202351,-0.395759810058134,-55.9105519299624,1.0,0.015625,14.0,0.0462949945574819,-0.00236024985026263,-22.0,0.258178195977984,-0.00520290365823584,-16.0,0.195462400076081,0.393635663275659,22.5196011318211,24.1186746105644,24.0975534807627,0.669286877039195,0.0265188275766612,-0.0888864836720854,0.85897548665969,0.023430860790449,1.10140159840809,0.277611496873646,3.96742069695113,-0.464270660969342,0.270343209051252,0.0198303862745897,0.0175319039589402,0.0128235637886396,0.940237238440169,0.142924078332373,0.00392464534214923,0.0041739270388472,0.0386987782120101,0.0280678226877259,0.47750873638856,0.332645073742059,0.52622034215661,0.403526977248137,3.11232220760349,0.00601773565289725,0.307529306396003,8.6453831334346E-4,-0.662160591015893,-2.12160529454987,0.0,0.0,0.792986098011598,8.42140497096136,1.0589044932794,0.088682258357313,0.321308939889276,0.0941631593238858,0.00495013505246381,0.856273958583554,0.143726041416446,0.75286638349613,-0.078470626361259,-0.586029359046834,0.0941631593238858,-9.93833344037359E8,0.166666666666667,70.576179886717,84.2217786327168
"002236","2014-12-05",92.5150766461525,3.89125765281384,123.849507636567,2.90675358239138,0.96,60.92,1.21558547833857,0.68,0.08,1.14,0.21,24.74,25.34,24.3,24.99,25.59,1.08,1.43705661321576,18.11,0.390807361380768,71.0233773068934,5.06875360832861,24.64,25.29,24.17,25.04,25.97,0.449010226287788,0.325156699439027,0.182527640875515,32.13,13.46,0.478714453314744,8.87,5.37,24.1003793656265,4.39422352784039,1.03,0.97,1.0,0.272370362148832,0.99,0.380037269164851,0.198592203699064,2.5,1.82,1.9,2.96,1.93,0.609192638619232,0.182527640875515,0.134635588178649,0.175864275001728,0.0913350990297947,0.134635588178649,0.213936456823997,0.146535019125933,-0.00440989300566812,4.24680959560968,3.14636764724539,0.261371850821818,0.00822782829202351,-0.395759810058134,-55.9983235970424,1.0,0.020833333333333,14.0,0.0462224318700877,-0.00290273509199463,-22.0,0.25777352795921,-0.00713179011529519,-16.0,0.195462400076081,0.393635663275659,22.5196011318211,24.120243238337,24.0991221085353,0.76293843312065,0.0265188275766612,-0.0855136278409439,0.801476700378271,0.0235048034430895,1.10140159840809,0.277611496873646,3.96742069695113,-0.4562899267887,0.25946483542154,0.0191022262788203,0.017738825903814,0.0129319881602576,0.901566752859294,0.142700059400818,0.00391849386042172,0.0041739270388472,0.0386381218198282,0.0280678226877259,0.47750873638856,0.332645073742059,0.52622034215661,0.403526977248137,3.11232220760349,0.00601773565289725,0.307529306396003,8.63184407297454E-4,-0.662160591015893,-2.12160529454987,0.0,0.0,0.792986098011598,8.42140497096136,1.0589044932794,0.088682258357313,0.321308939889276,0.0941631593238858,0.00495013505246381,0.856273958583554,0.143726041416446,0.75286638349613,-0.078470626361259,-0.586029359046834,0.0941631593238858,-9.00773016565722E8,0.166666666666667,68.4327199738976,89.4927665470629
"002236","2014-12-08",92.5150766461525,3.89125765281384,123.849507636567,2.90675358239138,0.96,60.92,1.21558547833857,0.71,0.11,0.85,0.21,24.67,25.33,24.26,24.68,25.53,1.08,1.43705661321576,18.11,0.390807361380768,71.0233773068934,5.06875360832861,24.67,25.29,24.12,24.83,25.92,0.449010226287788,0.325156699439027,0.182527640875515,32.13,13.46,0.478714453314744,8.87,5.29,22.9293577977042,4.18071109937165,1.01,0.96,0.96,0.272370362148832,0.99,0.380037269164851,0.198592203699064,2.54,1.83,1.94,2.68,1.9,0.609192638619232,0.182527640875515,0.134635588178649,0.175864275001728,0.0913350990297947,0.134635588178649,0.213936456823997,0.146535019125933,-0.00440989300566812,4.24680959560968,3.14636764724539,0.261371850821818,0.00822782829202351,-0.395759810058134,-53.2774019175623,1.0,0.020833333333333,14.0,0.0485830503016737,-0.00305098021201413,-22.0,0.27093823861281,-0.00749601662859692,-16.0,0.195462400076081,0.393635663275659,22.5196011318211,24.0704337460517,24.0493126162501,0.769157732934567,0.0265188275766612,-0.0880696840284192,0.798506892271106,0.0237704344809717,1.11353293518868,0.280351959904835,3.97191064962294,-0.479524530668556,0.16763200571456,0.0189496131670207,0.0180386337000295,0.0130794674487164,0.88933878475865,0.149987871330678,0.00411861463418296,0.0041739270388472,0.0406114031648277,0.0280678226877259,0.47750873638856,0.332645073742059,0.52622034215661,0.403526977248137,3.11232220760349,0.00601773565289725,0.307529306396003,9.07227966391611E-4,-0.662160591015893,-2.12160529454987,0.0,0.0,0.792986098011598,8.42140497096136,1.0589044932794,0.088682258357313,0.321308939889276,0.0941631593238858,0.00495013505246381,0.856273958583554,0.143726041416446,0.75286638349613,-0.078470626361259,-0.586029359046834,0.0941631593238858,-8.35242166405729E8,0.166666666666667,55.4562164570294,79.8039290496394
"002236","2014-12-09",92.5150766461525,3.89125765281384,123.849507636567,2.90675358239138,0.96,60.92,1.21558547833857,0.73,0.14,0.93,0.21,24.54,25.31,24.23,24.37,25.47,1.08,1.43705661321576,18.11,0.390807361380768,71.0233773068934,5.06875360832861,24.59,25.28,24.11,24.59,25.86,0.449010226287788,0.325156699439027,0.182527640875515,32.13,13.46,0.478714453314744,8.87,5.25,22.6082712387578,4.12216736898506,0.97,0.99,0.95,0.272370362148832,0.99,0.380037269164851,0.198592203699064,2.57,1.84,1.98,2.77,1.9,0.609192638619232,0.182527640875515,0.134635588178649,0.175864275001728,0.0913350990297947,0.134635588178649,0.213936456823997,0.146535019125933,-0.00440989300566812,4.24680959560968,3.14636764724539,0.261371850821818,0.00822782829202351,-0.395759810058134,-52.5313427473823,1.0,0.020833333333333,13.0,0.0492730351430509,-0.00309431075804942,-21.0,0.274786150105223,-0.00760247634679755,-15.0,0.195462400076081,0.393635663275659,22.5196011318211,24.0563314799903,24.0352103501886,0.738050717612871,0.026440692893287,-0.0886455812509478,0.745452565771673,0.023848915015604,1.11353293518868,0.280351959904835,3.97191064962294,-0.493626704622206,0.15352983176091,0.0189503805858073,0.018046289896783,0.0131036151664531,0.882870182447064,0.152118024891766,0.00417710790801848,0.0041739270388472,0.0411881733016715,0.0280678226877259,0.47750873638856,0.332645073742059,0.52622034215661,0.403526977248137,3.11232220760349,0.00601773565289725,0.307529306396003,9.20100718964616E-4,-0.662160591015893,-2.12160529454987,0.0,0.0,0.792986098011598,8.42140497096136,1.0589044932794,0.088682258357313,0.321308939889276,0.0941631593238858,0.00495013505246381,0.856273958583554,0.143726041416446,0.75286638349613,-0.078470626361259,-0.586029359046834,0.0941631593238858,-6.71140193932829E8,0.166666666666667,56.9854078485791,74.1408129151644
"002236","2014-12-10",92.5150766461525,3.89125765281384,123.849507636567,2.90675358239138,0.96,60.92,1.21558547833857,0.73,0.15,0.63,0.21,24.56,25.31,24.26,24.31,25.43,1.08,1.43705661321576,18.11,0.390807361380768,71.0233773068934,5.06875360832861,24.63,25.29,24.13,24.4,25.81,0.449010226287788,0.325156699439027,0.182527640875515,32.13,13.46,0.478714453314744,8.87,5.43,22.4099530699968,4.08600800609923,1.02,1.02,0.96,0.272370362148832,0.99,0.380037269164851,0.198592203699064,2.58,1.85,2.0,2.48,1.89,0.609192638619232,0.182527640875515,0.134635588178649,0.175864275001728,0.0913350990297947,0.134635588178649,0.213936456823997,0.146535019125933,-0.00440989300566812,4.24680959560968,3.14636764724539,0.261371850821818,0.00822782829202351,-0.395759810058134,-52.0705414952122,1.0,0.020833333333333,14.0,0.0497090797018389,-0.0031216940390941,-22.0,0.277217885946862,-0.00766975489853912,-16.0,0.195462400076081,0.393635663275659,22.5196011318211,24.0475208503081,24.0263997205064,0.744135047551546,0.026440692893287,-0.0886857753101087,0.709411122024539,0.0238630630696458,0.8332369659323,0.239145996198712,3.48421875831842,-0.519317019499532,0.144718943693146,0.0189654391762896,0.018106440973451,0.0131966127004026,0.857469501951725,0.153464202103197,0.0042140734647266,0.0041739270388472,0.0415526704105359,0.0280678226877259,0.47750873638856,0.332645073742059,0.52622034215661,0.403526977248137,3.11232220760349,0.00601773565289725,0.307529306396003,9.28235645059131E-4,-0.662160591015893,-2.12160529454987,0.0,0.0,0.792986098011598,8.42140497096136,1.0589044932794,0.088682258357313,0.321308939889276,0.0941631593238858,0.00495013505246381,0.856273958583554,0.143726041416446,0.75286638349613,-0.078470626361259,-0.586029359046834,0.0941631593238858,-5.03226576082485E8,0.0,52.4253409377757,75.5681665397124
"002236","2014-12-11",92.5150766461525,3.89125765281384,123.849507636567,2.90675358239138,0.96,60.92,1.21558547833857,0.63,0.12,0.35,0.21,24.59,25.3,24.33,24.34,25.4,1.08,1.43705661321576,18.11,0.390807361380768,71.0233773068934,5.06875360832861,24.65,25.28,24.22,24.26,25.78,0.449010226287788,0.325156699439027,0.182527640875515,32.13,13.46,0.478714453314744,8.87,5.48,23.174894578075,4.22547983437316,1.01,1.08,0.97,0.272370362148832,0.99,0.380037269164851,0.198592203699064,2.48,1.85,1.97,2.2,1.87,0.609192638619232,0.182527640875515,0.134635588178649,0.175864275001728,0.0913350990297947,0.134635588178649,0.213936456823997,0.146535019125933,-0.00440989300566812,4.24680959560968,3.14636764724539,0.261371850821818,0.00822782829202351,-0.395759810058134,-53.8479177535823,1.0,0.020833333333333,14.0,0.0480683154574017,-0.00353890062889444,-22.0,0.268067662327589,-0.00741659672951643,-16.0,0.195462400076081,0.393635663275659,22.5196011318211,24.0810852191432,24.0599640893415,0.748972791314398,0.0266236575089367,-0.0949556720727136,0.719337340916007,0.0237969688993663,0.8332369659323,0.239145996198712,3.48421875831842,-0.486002559591999,0.164340218475266,0.0188883540819244,0.0181238900732379,0.0132520048575806,0.855817718016461,0.148398757779497,0.00407497813031631,0.0041739270388472,0.0401811274996747,0.0280678226877259,0.47750873638856,0.332645073742059,0.52622034215661,0.403526977248137,3.11232220760349,0.00601773565289725,0.307529306396003,8.97624562144087E-4,-0.662160591015893,-2.12160529454987,0.0,0.0,0.792986098011598,8.42140497096136,1.0589044932794,0.088682258357313,0.321308939889276,0.0941631593238858,0.00495013505246381,0.856273958583554,0.143726041416446,0.75286638349613,-0.078470626361259,-0.586029359046834,0.0941631593238858,-2.92284246729421E8,0.0,57.2147947220459,78.8926158630646
"002236","2014-12-12",92.5150766461525,3.89125765281384,123.849507636567,2.90675358239138,0.96,60.92,1.21558547833857,0.56,0.13,0.02,0.21,24.62,25.3,24.39,24.44,25.37,1.08,1.43705661321576,18.11,0.390807361380768,71.0233773068934,5.06875360832861,24.69,25.28,24.29,24.33,25.74,0.449010226287788,0.325156699439027,0.182527640875515,32.13,13.46,0.478714453314744,8.87,5.45,23.2787755236165,4.24442045302765,1.02,1.06,1.01,0.272370362148832,0.99,0.380037269164851,0.198592203699064,2.41,1.85,1.98,1.87,1.86,0.609192638619232,0.182527640875515,0.134635588178649,0.175864275001728,0.0913350990297947,0.134635588178649,0.213936456823997,0.146535019125933,-0.00440989300566812,4.24680959560968,3.14636764724539,0.261371850821818,0.00822782829202351,-0.395759810058134,-54.0892898380523,1.0,0.020833333333333,14.0,0.0471489135923194,-9.51411001790235E-4,-22.0,0.265471365355893,-0.00471870068688884,-16.0,0.184064750231616,0.393635663275659,22.5196011318211,24.0908176560614,24.0696965262598,0.720688077475816,0.0266236575089367,-0.0998865597803902,0.717354431278784,0.0238157019266892,0.834297103066471,0.237671606760525,3.51029352827618,-0.471513366385676,0.170974817975908,0.0186643678930664,0.0182019602962943,0.0133104374510593,0.847759545965439,0.146961481675096,0.00403551102978056,0.0041739270388472,0.0397919640372081,0.0280678226877259,0.47750873638856,0.332645073742059,0.52622034215661,0.403526977248137,3.11232220760349,0.00601773565289725,0.307529306396003,8.88938589950077E-4,-0.662160591015893,-2.12160529454987,0.0,0.0,0.792986098011598,8.42140497096136,1.0589044932794,0.088682258357313,0.321308939889276,0.0941631593238858,0.00495013505246381,0.856273958583554,0.143726041416446,0.75286638349613,-0.078470626361259,-0.586029359046834,0.0941631593238858,-2.33066145256523E8,0.0,53.0386806998681,79.5217011989695
"002236","2014-12-15",92.5150766461525,3.89125765281384,123.849507636567,2.90675358239138,0.96,60.92,1.21558547833857,0.41,0.15,,0.21,24.67,25.3,24.47,24.68,25.33,1.08,1.43705661321576,18.11,0.390807361380768,71.0233773068934,5.06875360832861,24.7,25.28,24.37,24.56,25.68,0.449010226287788,0.325156699439027,0.182527640875515,32.13,13.46,0.478714453314744,8.87,5.55,23.2787755236165,4.24442045302765,1.0,1.07,1.05,0.272370362148832,0.99,0.380037269164851,0.198592203699064,2.27,1.86,2.01,1.86,1.81,0.609192638619232,0.182527640875515,0.134635588178649,0.175864275001728,0.0913350990297947,0.134635588178649,0.213936456823997,0.146535019125933,-0.00440989300566812,4.24680959560968,3.14636764724539,0.261371850821818,0.00822782829202351,-0.395759810058134,-54.0892898380523,1.0,0.020833333333333,14.0,0.0473975691203925,-9.56428585166816E-4,-22.0,0.266871417181299,-0.00474358632945661,-16.0,0.184064750231616,0.393635663275659,22.5196011318211,24.0855576803491,24.0644365505475,0.688581930017312,0.0265455228255624,-0.104817102580297,0.719474127124113,0.023754070630055,0.783108298181024,0.224650461642024,3.48589667903238,-0.518548508504953,0.152006120430173,0.018602461561374,0.0183343250270538,0.0133846178388611,0.841613391192882,0.147736532085552,0.00405679364373072,0.0041739270388472,0.0400018202369986,0.0280678226877259,0.47750873638856,0.332645073742059,0.52622034215661,0.403526977248137,3.11232220760349,0.00601773565289725,0.307529306396003,8.93622514813101E-4,-0.662160591015893,-2.12160529454987,0.0,0.0,0.792986098011598,8.42140497096136,1.0589044932794,0.088682258357313,0.321308939889276,0.0941631593238858,0.00495013505246381,0.856273958583554,0.143726041416446,0.75286638349613,-0.078470626361259,-0.586029359046834,0.0941631593238858,-2.55915578673286E8,0.0,54.6488814514828,79.5119532310148
"002236","2014-12-16",92.5150766461525,3.89125765281384,123.849507636567,2.90675358239138,0.96,60.92,1.21558547833857,0.37,0.18,-0.18,0.21,24.66,25.29,24.5,24.76,25.29,1.08,1.43705661321576,18.11,0.390807361380768,71.0233773068934,5.06875360832861,24.67,25.28,24.41,24.75,25.64,0.449010226287788,0.325156699439027,0.182527640875515,32.13,13.46,0.478714453314744,8.87,5.45,23.7037430281044,4.32190480206872,0.99,1.03,1.04,0.272370362148832,0.99,0.380037269164851,0.198592203699064,2.23,1.86,2.04,1.68,1.78,0.609192638619232,0.182527640875515,0.134635588178649,0.175864275001728,0.0913350990297947,0.134635588178649,0.213936456823997,0.146535019125933,-0.00440989300566812,4.24680959560968,3.14636764724539,0.261371850821818,0.00822782829202351,-0.395759810058134,-55.0767210927024,1.0,0.020833333333333,13.0,0.0465478119050866,-9.39281459137929E-4,-21.0,0.262086869861316,-0.00465854195303209,-15.0,0.184064750231616,0.393635663275659,22.5196011318211,24.1036486259982,24.0825274961965,0.659205023568931,0.0265455228255624,-0.105796654210094,0.723466225813623,0.0237369429149993,0.783108298181024,0.224650461642024,3.48589667903238,-0.500457076643763,0.170097552291363,0.0181474614371752,0.018337768424426,0.0134065775607376,0.837246023073238,0.145087869159716,0.00398406228358416,0.0041739270388472,0.039284656129164,0.0280678226877259,0.47750873638856,0.332645073742059,0.52622034215661,0.403526977248137,3.11232220760349,0.00601773565289725,0.307529306396003,8.77615454412796E-4,-0.662160591015893,-2.12160529454987,0.0,0.0,0.792986098011598,8.42140497096136,1.0589044932794,0.088682258357313,0.321308939889276,0.0941631593238858,0.00495013505246381,0.856273958583554,0.143726041416446,0.75286638349613,-0.078470626361259,-0.586029359046834,0.0941631593238858,-4.74406241469221E7,0.0,54.6489871739836,79.283414737692
"002236","2014-12-17",92.5150766461525,3.89125765281384,123.849507636567,2.90675358239138,0.96,60.92,1.21558547833857,0.23,0.21,-0.16,0.21,24.51,25.27,24.48,24.55,25.23,1.08,1.43705661321576,18.11,0.390807361380768,71.0233773068934,5.06875360832861,24.52,25.27,24.43,24.63,25.57,0.449010226287788,0.325156699439027,0.182527640875515,32.13,13.46,0.478714453314744,8.87,5.3,23.2693318012946,4.24269857860451,0.94,1.01,0.98,0.272370362148832,0.99,0.380037269164851,0.198592203699064,2.1,1.87,2.08,1.71,1.75,0.609192638619232,0.182527640875515,0.134635588178649,0.175864275001728,0.0913350990297947,0.134635588178649,0.213936456823997,0.146535019125933,-0.00440989300566812,4.24680959560968,3.14636764724539,0.261371850821818,0.00822782829202351,-0.395759810058134,-54.0673469212823,1.0,0.020833333333333,14.0,0.0474168051468212,-9.56816746118588E-4,-22.0,0.266979725386324,-0.00474551148624617,-16.0,0.184064750231616,0.393635663275659,22.5196011318211,24.0851519185257,24.0640307887241,0.656081424857478,0.0260767798932635,-0.106778397846076,0.700354372159967,0.0238325413697547,0.801677823899618,0.22857038978986,3.50735641933608,-0.514854161059645,0.151600697772544,0.0178374953760209,0.0183756934694832,0.013464037664941,0.836076314840933,0.147796490093704,0.0040584400697225,0.0041739270388472,0.040018054741965,0.0280678226877259,0.47750873638856,0.332645073742059,0.52622034215661,0.403526977248137,3.11232220760349,0.00601773565289725,0.307529306396003,8.9398486206546E-4,-0.662160591015893,-2.12160529454987,0.0,0.0,0.792986098011598,8.42140497096136,1.0589044932794,0.088682258357313,0.321308939889276,0.0941631593238858,0.00495013505246381,0.856273958583554,0.143726041416446,0.75286638349613,-0.078470626361259,-0.586029359046834,0.0941631593238858,8.06015862804174E7,0.0,53.7313153456142,74.0468341032963
"002236","2014-12-18",92.5150766461525,3.89125765281384,123.849507636567,2.90675358239138,0.96,60.92,1.21558547833857,0.04,0.22,-0.25,0.21,24.33,25.25,24.46,24.28,25.16,1.08,1.43705661321576,18.11,0.390807361380768,71.0233773068934,5.06875360832861,24.34,25.25,24.46,24.42,25.49,0.449010226287788,0.325156699439027,0.182527640875515,32.13,13.46,0.478714453314744,8.87,5.24,22.6366024057236,4.12733299225447,0.93,1.02,0.96,0.272370362148832,0.99,0.380037269164851,0.198592203699064,1.92,1.88,2.1,1.63,1.73,0.609192638619232,0.182527640875515,0.134635588178649,0.175864275001728,0.0913350990297947,0.134635588178649,0.213936456823997,0.146535019125933,-0.00440989300566812,4.24680959560968,3.14636764724539,0.261371850821818,0.00822782829202351,-0.395759810058134,-52.5971714976923,1.0,0.020833333333333,14.0,0.0487421810103327,-9.83561310987151E-4,-22.0,0.274442237526868,-0.00487815615440574,-16.0,0.184064750231616,0.393635663275659,22.5196011318211,24.0575838283067,24.0364626985051,0.690841021793415,0.0260767798932635,-0.10670631901696,0.687280337378551,0.0239328863259193,0.79803048932115,0.22760162322654,3.50626009607516,-0.54338854791145,0.152122847867207,0.0174773103539954,0.0184429433791964,0.0135318681056202,0.836144868262451,0.15192763937876,0.00417187998823372,0.0041739270388472,0.0411366236479773,0.0280678226877259,0.47750873638856,0.332645073742059,0.52622034215661,0.403526977248137,3.11232220760349,0.00601773565289725,0.307529306396003,9.18950211840443E-4,-0.662160591015893,-2.12160529454987,0.0,0.0,0.792986098011598,8.42140497096136,1.0589044932794,0.088682258357313,0.321308939889276,0.0941631593238858,0.00495013505246381,0.856273958583554,0.143726041416446,0.75286638349613,-0.078470626361259,-0.586029359046834,0.0941631593238858,1.98220265647854E8,-0.166666666666667,40.1142091447122,67.6553112488205
"002236","2014-12-19",92.5150766461525,3.89125765281384,123.849507636567,2.90675358239138,,,1.21558547833857,,,,,,,,,,,1.43705661321576,,0.390807361380768,71.0233773068934,5.06875360832861,,,,,,0.449010226287788,0.325156699439027,0.182527640875515,,,0.478714453314744,,,22.4005093476748,4.0842861316761,,,,0.272370362148832,,0.380037269164851,0.198592203699064,,,,,,0.609192638619232,0.182527640875515,0.134635588178649,0.175864275001728,0.0913350990297947,0.134635588178649,0.213936456823997,0.146535019125933,-0.00440989300566812,4.24680959560968,3.14636764724539,0.261371850821818,0.00822782829202351,-0.395759810058134,-52.0485985784422,1.0,0.020833333333333,14.0,0.049255905515079,-9.93927682308685E-4,-22.0,0.27733475689372,-0.00492957011050192,-16.0,0.184064750231616,0.393635663275659,22.5196011318211,24.04709935399,24.0259782241883,0.692912699264932,0.0256242323065763,-0.104370246065289,0.688127631211192,0.0239253925857426,0.796650864261244,0.227372524625617,3.50372528771002,-0.583370760899203,0.162866747568663,0.0173028767694671,0.0183861111978448,0.013558852528109,0.835232604559898,0.153528900333426,0.00421585005556334,0.0041739270388472,0.0415701883997477,0.0280678226877259,0.47750873638856,0.332645073742059,0.52622034215661,0.403526977248137,3.11232220760349,0.00601773565289725,0.307529306396003,9.2862661203246E-4,-0.662160591015893,-2.12160529454987,0.0,0.0,0.792986098011598,8.42140497096136,1.0589044932794,0.088682258357313,0.321308939889276,0.0941631593238858,0.00495013505246381,0.856273958583554,0.143726041416446,0.75286638349613,-0.078470626361259,-0.586029359046834,0.0941631593238858,1.93527916155189E8,-0.166666666666667,39.001900521882,69.18984235931
